330 1 2 3 4 5 6 7 8 9 10 11 12 13 14 15 16 17 18 19 20 21 22 23 24 25 26 27 28 29 30 31 32 3 8
30 1 2 3 4 331 0 3 3 4 5 6 7 8 9 10 11 12 13 14 15 16 17 18 19 20 21 22 23 24 25 26 27 28 29 30 31 32 33 34 35 36 37 38 39 40 41 42 43 44 45 46 47 48 49 50 51 52 53 54 5 24 25 26 27 24
1 0 2 3 4 5 6 7 8
1 0 2 3 4  5 6 7 8
1 0 23 4 5 6 7 8
1 0 2 3 4 5 6 7 8
1 0 2 3 4 5      0 2 3 4 5 6 7 8 9 10 11 12 13 14 15 16 07 18 19 20 21 22 23 24 25 26 27 28 29 30 31 32 33 34 35 36 37 38 39 40 41 42 43 44 45 46 47 48 49 50 51 52 53 54 55 56 57 58 59 60 61 62 63 64
30 1 2 3 4 5 6 7 8
313 14 15 16 17 180 1 2 31 0 3 3 4 5 6 7 8 9 10 11 12 13 14 0 2 3 445 46  15 16 17 18 19 20 21 22 23 24 25 26 27 28 29 30 31 32 33 34 35 36 37 38 39 40 41 42 43 44 45 46 47 48 49 5 35 36 37   0 6 7 8
30 1 2 3 4 5 6 7 82 3 454 55 56 57 58 59 60 61 62 63 64
1 0 2 3 4 5 6 7 8
1 0 2 3 445 46 5 6 7 8
1 0 2 3 4 5 6 7 8
1 0 2 3 4 5 6 0 1 2 3 4 5 48 49 50 51 522 23 24 251 2628 29 301 62 63 5 6 7 8
30 1 4 55 6 7 8  11 3 14 19 1 4248 48
30 5 6 7 8
30 1 2 3 4 5 6 2 3 59 60 61 62  5 6 7 80 2 3 4 5 6 9 1035 36 374 4559 60 6160 10 1 4 5  3 4 536 7 8
30 1 2 30 1 2 3 4 5 6 7 8 9 10 11 12 13 14 15 16 17 18  0 3 3 4 5 6 7 8 9 130 1 2 3 4 5 6 7 8 9 10 11 12 13 14 15 16 17 18 19 20 21 22 23 24 25 26 27 28 2 32 33 31 0 3 3 4 5 6 7 8 9 10  1 12 13 14 15 16 17 18 19 20 21 22 23 24 25 26 27 28 29 30 31 32 33 34 35 36 37 38 39 40 41 42 43 44 45 46 47 48 49 50 51 52 53 54 55 56 57 58 59 60 61 62 63 64
1 0 2 3 2 4 5 7 7 8
1 0 2 3 4 5 6 7 8
1 0 2 3 4 5 6 7 8
1 0 2 3 4 5 6 7 8
1 0 2
3 4 5 6 7 8
1 0 6 7 8
30 1 2 3 4 5 6 7 82 3 4 5 6 7 8
30 0 2 3 4 5 6 7 8 9 10 21 12 13 14 15 16 17 18 19 20 21 22 23 24 25 26 27 28 29 30 31 32 33 34 35 36 37 38 39 40 41 42 43 44 45 46 47 48 49 50 51 52 53 54 55 56 57 58 59 60 61 62 63 64
30 1 2 3 4 5 6 7 81 0 3 3 4 5 6 7 8 9 30 1 2 3 4 5 6 7 8 9 10 11 12 13 14 15 16 17 1