 331 0 3 3 4 5 6 7 8 9 10 11 12 13 14 15 16 17 18 19 20 21 22 23 24 25 26 27 28 29 30 3131 0 3 3 4 5 6 7 8 9 10 11 12 13 14 15 16 17 18 191 2 19 20 21 22 23 24 25 26 27 3 4 5 6 7 8
30 1 2 3 4 5 6 70 31 32 33 34 35 36 37 38 39 40 41 42 43 44 45 46 47 48 49 50 51 52 53 54 55 49 556 57 58 59 60 61 62 63 64
1 0 2 3 4 5 6 7 8
1 0 2 3 4 5 6 7 8
1 0 2 3 4 5 6 7 8
6 37 38 3971 0 2 3 4 5 6 7 8
1 0 2 3 4 5 6 7 8
1 0 2 3 4 5 6 7 8
30 0 2 3 4 5 6 7 8 9 10 11 12 13 14 15 16 17 18 19 20 21 22 23 2 33 326 27 28 29 3012 53 54 5 31 32 33 34 35 36 37 38 39 40 41 42 43 44 45 46 47 48 49 50 51 52 53 54 55 56 57 58 59 60 61 62 63 64
30 1 2 3 4 5 6 7 81 0 3 3 4 5 6 7 8 9 30 1 2 3330 1 2 3 4 5 6 7 8 9 10 11 12 13 14 15 16 17 18 19 20 21 22 23 24 25 26 27 28 29 30 31 32 33 3  35 36 37 38 39 40 41 42 43 44 45 46 47 48 49 50 51 52 53 54 55 56 57 58 59 60 61 621 52 53 0 1 2 3 4 5 6 7 8
30 1 2 3 4 5 6 7 8
30 1 2 3 54 55 20 21 22 4 5 6 7 8
30 1 2 3 4 5 6 7 8
30 1 2 3 4 5 6 7 8
30 1 2 3 4 5 6 7 8
30 1 2 3 4 5 6 7 8 9 10 11 12 13 14 15 16 17 18 19 20 21 22 23 24 25 26 27 28 29 30 31 32 33 34 35 36 37 38 39 40 41 42 43 44 45 46 47 48 49 50 51 52 53 54 55 56 57 58 59 60 61 62 63 64
30 1 2 3 4 5 6 7 8
30 1 2 3 4 5 6 7 8
30 1 2 3 4 5 6 7 8
30 1 2 3 4 5 6 7 8
30 1 2 3 4 5 6 7 8
30 1 2 3 4 5 6 7 8
30 0 2 3 4 5 6 7 8 9 10 11 12 13 14 15 16 13330 1 2 3 4 5 6 7 8 9 10 11 12 13 14 15 16 17 18 19 20 21 22 23 24 25 26 27 28 29 30 31 32 33 3  35 36 371 0 3 3 4 5 6 7 8 9 30 1 2 3 4 5 6 7 14 15  5 6 7 8
30 7 48 49 50 51 52 53 54 55 20 21 22 23 24 25 26 27 28 29 30 31 32 33 34 35  1 37 38 39 40 41 42 43 44 45 7 8 9 10 11 5 6 3 12 53 54 55 56 571 62 63 64
30 1 2 3 4 5 6 7 8
30 1 2 3 4 5 6 7 8
30 1 2 3 4 5 6 7 8
30 1331 0 3 3 4 5 6 7 8 9 10 11 12 13 14 15 16 17 18 19 20 21 22 23 24 25 26 27 28 29 30 31 32 33 34 35 36 37 38 39 40 412 13 12 53 54 55 56 57 5850 51 52 53 54 55 56 57 58 59 60 61 62 63 64
1 0 2 3 4 5 6 7 8
1 0 2 3 4 5 630 1 2 3 4 5 6 7 8 9 10 11 11 32 33 34 35 36 37 38 39 40 41 42 43 44 45 46 45 48 49 50
51 52 53 54 55 56 57 57 59 60 61 62 63 64
30 1 2 3 4 5 6 7 8
30 1 3 4 5 6 7 8
3051 52 53 2 3 4 5 6 7 8
30 1 2 3 4 5 6 7 8
30 1 2 3 4 5 6 7 8
30 1 2 3 4 5 6 7 8
30 1 2 3 4 5 6 7 8
30 1 2 3 4 5 6 7 8 9 10 11 12 13 14 15 16 17 18 19 20 21 22 23 24 25 26 27 28 29 30 31 338 39 40 41 42 43 44 45 46 47 48 49 50 51 52 53 54 55 56 57 58 59 60 61 62 63 64
30 1 2 3 4 5 6 7 8
30 1 2 3 4 5 6 7 8
38 39 40 41 42 43 44 45 46 47 48 49 50 51 52 53 54 55 3 64
1 0 2 3 4 5 6 7 8
1 0 2 3 4 5 6 7 8
1 0 2 3 4 5 6 7 8
1 0 2 3 4 5 6 7 8
1 0 2 3 4 5 6 7 8
1 0 2 3 4 5 6 7 8
30 0 2 3 4 5 6 7 8 22 23 24 25 26 27 28 29 30 31 32 33 34 352 53 54 55 56 57 58 59 60 61 62 63 64
30 1 2 3 4 5 6 7 8
30 1 2 3 4 5 6 7 8
30 1 2 3 4 5 6 7 8
30 1 2 3 4 5 6 7 8
30 1 2 3 4 5 6 7 8
30 1 2 3 4 5 6 7 8
30 1 2 3 4 5 6 7 8 9 10 11 12 13 14 15 16 17 18 19 20 21 22 23 24 25 1 0 3 3 4 5 6 7 8 9 10 11 12 13 14 15 16 17 18 19 20 21 22 23 24 25 26 27 28 29 30 31 32 33 34 35 36 37 38 39 40 41 42 43 44 45 46 47 48 49 50 51 52 53 54 55 56 57 58 59 60 61 62 6 32 30 34 35 36 37 38 39 40 41 42 43 44 45 46 47 48 49 50 51 52 53 54 55 3 64
1 0 2 3 4 5 6 7 8
1 0 2 3 4 5 6 7 8
1 0 2 3 4 5 6 7 8
1 0 2 3 4 5 6 7 8
1 0 2 3 4 5 6 7 8
1 0 2 3 4 5 6 7 8
3061 62 63 64
30 1 2 3 4 5 6 7 81 0 3 3 4 5 6 7 8 9 30 1 2 3 4 5 6 7 8 9 10 11 12 13 14 15 16 17 18 1947 48 49 50 511  2 3 4 5 6 7 8 9 10 11 12 13 14 15 16 17 18 19 20 21 22 23 24 25 1 0 3 3 4 5 6 7 2 13 14 15 16 17 18 19 20 21 22 23 24 25 26 27 28 29 30 31 32 33 3  35 36 37 38 39 40 41 42 43 44 45 46 47 486 37 38 39 40 41 42 43 44 45 46 47 48 49 50 51 52 53 54 55 56 57 58 59 60 61 62 6 32 33 34 35 36 37 38 39 40 41 42 43 44 45 46 47 48 49 50 51 52 53 54 55 3 64
1 0 2 3 4 5 6 7 8
1 0 2 3 4 5 6 7 8
1 0 2 3 4 5 6 7 8
1 0 2 3 4 5 6 7 8
1 0 2 3 4 5 6 7 8
1 0 2 3 4 5 6 7 8
30 0 2 3 4 5 6 7 8 22 23 24 25 26 27 28 29 30 31 32 33 34 352 53 54 55 56 57 58 59 60 61 62 63 64
30 1 2 3 4 5 6 7 8
30 1 2 3 4 5 6 7 8
30 1 2 3 4 5 6 7 8
30 1 2 3 4 5 6 7 8
30 1 2 3 4 5 6 7 8
30 1 2 3 4 5 6 7 8
30 1 2 3 4 5 6 7 8 9 10 11 12 13 14 15 16 17 18 19 20 21 22 23 24 25 1 0 3 3 4 5 6 7 8 9 10 11 12 13 14 15 16 17 18 19 20 21 22 23 24 25 26 27 28 29 30 31 32 33 34 35 36 37 38 39 40 41 42 43 44 45 46 47 48 49 50 51 52 53 54 55 56 57 58 59 60 61 62 6 32 30 34 35 36 37 38 39 40 41 42 43 44 45 46 47 48 49 50 51 52 53 54 55 3 64
1 0 2 3 4 5 6 7 8
1 0 2 3 4 5 6 7 8
1 0 2 3 4 5 6 7 8
1 0 2 3 4 5 6 7 8
1 0 2 3 4 5 6 7 8
1 0 2 3 4 5 6 7 8
3061 62 63 64
30 1 2 3 4 5 6 7 81 0 3 3 4 5 6 7 8 9 30 1 2 3 4 5 6 7 8 9 10 11 12 13 14 15 16 17 18 1947 48 49 50 511  2 3 4 5 6 7 8 9 10 11 12 13 14 15 16 17 18 19 20  5 6 7 8 9 10 11 12 13 14 15 16 17 18 19 20 21 22 23 24 25 26 27 28 29 30 31 32 33 34 35 36 37 38 39 40 41 42 43 44345 46 47 48 49 50 51 52 53 54 55 56 57 58 59 60 61 62 63 64
1 0 2 3 4 5 6 7 8
1 0 2 3 4 5 6 7 8
1 0 2 3 4 5 6 7 8
12 3 4 5 6 7 8
30 1 2 3 4 5 6 6 7 8
1 0 2 3 4 5 6 7 8
30 0 2 3 4 5 6 7 8 9 10 11 12 13 14 15 16 17 18 130 1 2 3 4 5 6 7 8 9 10 11 12 13 14 15 16 17 18 19 20 21 22 23 24 25 26 27 28 29 30 31 32 33 34 35 36 37 38 39 40 41 42 43 44 45 46 45 48 49 50 51 52 53 54 55 56 57 57 59 60 61 62 63 64
30 1 2 3 4 5 6 7 8
30 1 3 4 5 6 7 8
3051 52 53 2 3 4 5 6 7 8
30 1 2 3 4 5 6 7 8
30 1 2 3 4 5 6 7 8
30 1 2 3 4 5 6 7 8
30 1 2 3 4 5 6 7 8
30 1 2 3 4 5 6 7 8 9 10 11 12 13 14 15 16 17 18 19 20 21 22 23 24 25 26 27 28 29 30 31 338 39 40 41 42 43 44 45 46 47 48 49 50 51 52 53 54 55 56 57 58 59 60 61 62 63 64
30 1 2 3 4 5 6 7 8
30 1 2 3 4 5 6 7 8
30 1  0 2 3 4 5 6 7 8
1 0 2 3 4 5 7 8
30 1  6 7 8
1 0 2 3 4 5 6 7 8
30 0 2 3 4 5 6 7 8 22 23 24 25 26 27 28 29 30 31 32 33 34 352 53 54 55 56 57 58 59 60 61 62 63 64
30 1 2 3 4 5 6 7 8
30 1 2 3 4 5 6 7 8
30 1 2 3 4 5 6 7 8
30 1 2 3 4 5 6 7 8
30 1 2 3 4 5 6 7 8
30 1 2 3 4 5 6 7 8
30 1 2 3 4 5 6 7 8 9 10 11 12 13 14 15 16 17 18 19 20 21 22 23 24 25 1 0 3 3 4 5 6 7 8 9 10 11 12 13 14 15 16 17 18 19 20 21 22 23 24 25 26 27 28 29 30 31 32 33 34 35 36 37 38 39 40 41 42 43 44 45 46 47 48 49 50 51 52 53 54 55 56 57 58 59 60 61 62 6 32 30 34 35 36 37 38 39 40 41 42 43 44 45 46 47 48 49 50 51 52 53 54 55 3 64
1 0 2 3 4 5 6 7 8
1 0 2 3 4 5 6 7 8
1 0 2 3 4 5 6 7 8
1 0 2 3 4 5 6 7 8
1 0 2 3 4 5 6 7 8
1 0 2 3 4 5 6 7 8
3061 62 63 64
30 1 2 3 4 5 6 7 81 0 3 3 4 5 6 7 8 9 30 1 2 3 4 5 6 7 8 9 10 11 12 13 14 15 16 17 18 1947 48 49 50 511  2 3 4 5 6 7 8 9 10 11 12 13 14 15 16 17 18 19 20 21 22 23 24 25 1 0 3 3 4 5 6 7 8 9 10 11 12 13 14 15 16 17 18 19 20 1 2 3 4 5 6 7 8 9 10 11 12 13 14 15 16 17 18 19 20 21  2 3 4 5 6 7 8 9 10 11 12 13 14 15 16 17 18 19 20 21 22 23 24 25 1 0 3 3 4 5 6 7 8 9 5 16 17 18 19 20 21 22 23 24 25 26 27 28 29 30 31 32 33 34 35 36 37 38 39 40 41 42 43 44 45 46 47 48 49 50 51 52 53 54 55 56 57 58 59 60 4 5 6 7 8
30 1