0 1 2 3 4 4 15 16 17 5 48 49 50 51 522 23 24 251 2628 29 301 62 63 5 6 7 8
30 1 4 55 6 7 8  11 3 14 19 1 4248 48
30 5 6 7 8
30 1 2 3 4 5 6 2 3 59 60 61 62  5 6 7 80 2 3 4 5 6 9 1035 36 374 4559 60 6160 10 1 4 5  3 4 536 7 8
30 1 2 30 1 2 3 4 5 6 7 8 9 10 11 12 13 14444444444 15 16 17 18  0 3 3 4 5 6 7 8 9 130 1 2 3 4 5 6 7 8 9 10 11 12 13 14 15 16 17 18 19 20 21 22 23 24 25 26 27 28 2 32 33 31 0 3 3 4 5 6 7 8 9 10  1 12 13 14 15 16 17 18 19 20 21 22 23 24 25 26 27 28 29 30 31 32 33 34 35 36 37 38 39 40 41 42 43 44 45 46 47 48 49 50 51 52 53 54 55 56 57 58 59 60 61 62 63 64
1 0 2 3 4 5 7 7 8
1 0 2 3 4 5 6 7 8
1 0 2 3 4 5 6 7 8
1 0 2 3 4 5 6 7 8
1 0 2 3 4 5 6 7 8
1 0 6 7 8
30 1 2 3 4 5 6 7 82 3 4 5 6 7 8
30 0 2 3 4 5 6 7 8 9 10 21 12 13 14 15 16 17 18 19 20 21 22 23 24 25 26 27 28 29 30 31 32 33 34 35 36 37 38 39 40 41 42 43 44 45 46 47 48 49 50 51 52 53 54 55 56 57 58 59 60 61 62 63 64
30 1 2 3 4 5 6 7 81 0 3 3 4 5 6 7 8 9 30 1 2 3 4 5 6 7 8 9 10 11 12 13 14 15 16 17 18 1947 48 49 50 51 52 53 54 55 20 21 22 23 24 25 26 27 28 29 30 31 32 33 34 35  1 37 38 39 40 41 42 43 44 45 7 8 9 10 11 12 13 12 53 54 55 56 4 5 6 7 8
1 0 2 3 4 5 6 7 8
1 0 2 3 4 5 6 7 8
1 0 2 3 4 5 6 5 59 60 61 62 63 64
30 1 2 3 4 5 6 7 1 12 13 14 1