# relative_time, cycles_done, cur_item, corpus_count, pending_total, pending_favs, map_size, saved_crashes, saved_hangs, max_depth, execs_per_sec, total_execs, edges_found
61, 0, 2, 77, 76, 2, 3.31%, 0, 0, 2, 211.57, 12187, 898
66, 0, 2, 78, 77, 2, 3.31%, 0, 0, 2, 210.14, 13255, 898
71, 0, 2, 81, 80, 2, 3.31%, 0, 0, 2, 215.81, 14353, 898
76, 0, 79, 82, 77, 3, 3.31%, 0, 0, 3, 200.28, 15397, 898
81, 0, 56, 86, 80, 2, 3.31%, 0, 0, 3, 173.04, 16210, 898
86, 0, 65, 91, 84, 2, 3.31%, 0, 0, 3, 191.00, 17163, 898
91, 0, 52, 93, 84, 0, 3.31%, 0, 0, 3, 239.97, 18313, 898
97, 0, 66, 98, 89, 0, 3.31%, 0, 0, 3, 316.50, 20096, 898
102, 0, 52, 101, 91, 1, 3.33%, 0, 0, 3, 229.01, 21218, 902
107, 0, 5, 104, 93, 0, 3.33%, 0, 0, 3, 237.46, 22211, 902
112, 0, 107, 109, 98, 1, 3.35%, 0, 0, 3, 252.11, 23721, 908
117, 0, 52, 111, 99, 0, 3.35%, 0, 0, 3, 262.87, 24934, 908
122, 0, 5, 116, 104, 0, 3.35%, 0, 0, 3, 262.98, 26405, 908
127, 0, 5, 117, 105, 0, 3.35%, 0, 0, 3, 351.59, 28459, 908
132, 0, 119, 121, 109, 2, 3.41%, 0, 0, 3, 230.27, 29653, 924
137, 0, 120, 123, 110, 1, 3.41%, 0, 0, 3, 195.65, 30710, 924
143, 0, 126, 129, 115, 1, 3.41%, 0, 0, 3, 187.94, 31705, 924
148, 0, 52, 134, 119, 0, 3.41%, 0, 0, 3, 215.57, 32735, 924
153, 0, 52, 135, 120, 0, 3.41%, 0, 0, 3, 330.59, 34591, 924
158, 0, 52, 138, 123, 0, 3.41%, 0, 0, 3, 315.93, 36213, 924
163, 0, 52, 142, 127, 0, 3.41%, 0, 0, 3, 303.42, 37684, 924
168, 0, 52, 142, 127, 0, 3.41%, 0, 0, 3, 330.08, 39479, 924
173, 0, 52, 143, 128, 0, 3.41%, 0, 0, 3, 326.04, 41047, 924
178, 0, 52, 144, 129, 0, 3.41%, 0, 0, 3, 296.33, 42449, 924
184, 0, 52, 144, 129, 0, 3.41%, 0, 0, 3, 300.37, 43994, 924
189, 0, 5, 144, 128, 0, 3.41%, 0, 0, 3, 218.38, 44864, 924
194, 0, 5, 146, 130, 0, 3.41%, 0, 0, 4, 313.25, 46530, 924
199, 0, 5, 148, 132, 0, 3.41%, 0, 0, 4, 306.51, 48112, 924
204, 1, 52, 148, 132, 0, 3.41%, 0, 0, 4, 328.00, 49914, 924
209, 1, 3, 149, 133, 0, 3.41%, 0, 0, 4, 337.15, 51637, 924
214, 1, 5, 149, 133, 0, 3.41%, 0, 0, 4, 344.75, 53333, 924
219, 1, 52, 150, 134, 0, 3.41%, 0, 0, 4, 314.08, 54830, 924
224, 1, 3, 151, 134, 0, 3.43%, 0, 0, 4, 198.93, 55698, 930
229, 1, 52, 153, 136, 0, 3.43%, 0, 0, 4, 284.18, 57239, 930
235, 1, 116, 154, 137, 0, 3.43%, 0, 0, 4, 170.46, 58054, 930
240, 1, 52, 154, 136, 0, 3.43%, 0, 0, 4, 293.10, 59738, 930
245, 1, 52, 155, 137, 0, 3.43%, 0, 0, 4, 324.86, 61453, 930
250, 1, 52, 156, 138, 0, 3.43%, 0, 0, 4, 296.99, 62885, 930
255, 1, 52, 157, 139, 0, 3.43%, 0, 0, 4, 286.24, 64297, 930
260, 1, 8, 157, 139, 0, 3.43%, 0, 0, 4, 252.89, 65643, 930
265, 1, 52, 160, 141, 0, 3.43%, 0, 0, 4, 226.52, 66619, 930
270, 1, 105, 160, 141, 0, 3.43%, 0, 0, 4, 202.26, 67686, 930
275, 1, 160, 161, 141, 1, 3.45%, 0, 0, 4, 222.16, 69028, 936
280, 1, 5, 162, 141, 0, 3.45%, 0, 0, 4, 278.92, 70368, 936
286, 1, 153, 162, 141, 0, 3.45%, 0, 0, 4, 192.18, 71420, 936
291, 1, 52, 162, 140, 0, 3.45%, 0, 0, 4, 256.62, 72671, 936
296, 1, 5, 163, 140, 0, 3.45%, 0, 0, 4, 263.52, 73808, 936
301, 1, 52, 165, 142, 0, 3.45%, 0, 0, 4, 257.33, 75168, 936
306, 1, 165, 166, 143, 1, 3.45%, 0, 0, 4, 197.98, 76285, 936
311, 1, 66, 168, 143, 0, 3.45%, 0, 0, 4, 197.55, 77143, 936
316, 1, 52, 169, 144, 0, 3.45%, 0, 0, 4, 273.56, 78685, 936
321, 1, 52, 169, 144, 0, 3.45%, 0, 0, 4, 274.64, 80072, 936
326, 1, 52, 170, 145, 0, 3.45%, 0, 0, 4, 289.65, 81563, 936
332, 1, 65, 172, 147, 0, 3.45%, 0, 0, 4, 308.80, 83197, 936
337, 1, 42, 173, 148, 0, 3.45%, 0, 0, 4, 217.11, 84216, 936
342, 1, 5, 174, 148, 0, 3.45%, 0, 0, 4, 288.56, 85834, 936
347, 1, 52, 175, 149, 0, 3.45%, 0, 0, 4, 334.44, 87540, 936
352, 2, 3, 176, 150, 0, 3.45%, 0, 0, 4, 343.25, 89169, 936
357, 2, 5, 178, 151, 0, 3.47%, 0, 0, 5, 309.14, 90571, 942
362, 2, 5, 179, 152, 0, 3.47%, 0, 0, 5, 333.58, 92319, 942
367, 2, 179, 180, 153, 1, 3.48%, 0, 0, 5, 224.28, 93367, 943
372, 2, 65, 180, 152, 0, 3.48%, 0, 0, 5, 254.53, 94564, 943
377, 2, 52, 181, 153, 0, 3.48%, 0, 0, 5, 357.00, 96474, 943
382, 2, 66, 182, 154, 0, 3.48%, 0, 0, 5, 283.40, 97915, 943
387, 2, 5, 182, 154, 0, 3.48%, 0, 0, 5, 304.98, 99466, 943
392, 2, 66, 182, 154, 0, 3.48%, 0, 0, 5, 283.78, 100968, 943
398, 2, 182, 183, 155, 1, 3.54%, 0, 0, 5, 252.85, 102421, 961
403, 2, 52, 183, 154, 0, 3.54%, 0, 0, 5, 289.41, 103769, 961
408, 2, 9, 184, 155, 0, 3.54%, 0, 0, 5, 219.89, 104911, 961
413, 2, 3, 184, 154, 0, 3.54%, 0, 0, 5, 271.40, 106336, 961
418, 2, 5, 187, 157, 0, 3.54%, 0, 0, 5, 297.51, 107871, 961
423, 2, 123, 187, 157, 0, 3.54%, 0, 0, 5, 238.41, 109141, 961
428, 2, 5, 188, 157, 0, 3.54%, 0, 0, 5, 280.20, 110313, 961
433, 2, 52, 188, 156, 0, 3.54%, 0, 0, 5, 251.71, 111394, 961
438, 2, 162, 188, 156, 0, 3.54%, 0, 0, 5, 265.21, 112850, 961
443, 2, 52, 189, 157, 0, 3.54%, 0, 0, 5, 321.25, 114605, 961
449, 2, 5, 190, 158, 0, 3.54%, 0, 0, 5, 293.00, 116063, 961
454, 2, 112, 190, 158, 0, 3.54%, 0, 0, 5, 188.44, 117055, 961
459, 2, 5, 192, 159, 0, 3.54%, 0, 0, 5, 258.57, 118339, 961
464, 2, 160, 194, 160, 0, 3.56%, 0, 0, 5, 184.48, 119103, 966
469, 2, 52, 195, 161, 0, 3.56%, 0, 0, 5, 289.11, 120665, 966
474, 2, 197, 198, 164, 0, 3.56%, 0, 0, 5, 158.94, 121326, 966
479, 2, 197, 203, 169, 0, 3.56%, 0, 0, 5, 169.33, 122169, 966
484, 2, 197, 203, 169, 0, 3.56%, 0, 0, 5, 177.50, 123102, 966
490, 2, 197, 207, 173, 0, 3.56%, 0, 0, 5, 172.38, 123978, 966
495, 2, 197, 207, 173, 0, 3.56%, 0, 0, 5, 174.60, 124872, 966
500, 2, 197, 207, 173, 0, 3.56%, 0, 0, 5, 176.54, 125748, 966
505, 2, 197, 207, 173, 0, 3.56%, 0, 0, 5, 178.66, 126645, 966
510, 2, 197, 207, 173, 0, 3.56%, 0, 0, 5, 176.10, 127536, 966
515, 2, 197, 207, 173, 0, 3.56%, 0, 0, 5, 175.86, 128424, 966
520, 2, 197, 208, 174, 0, 3.56%, 0, 0, 5, 179.58, 129336, 966
525, 2, 197, 208, 174, 0, 3.56%, 0, 0, 5, 178.76, 130287, 966
530, 2, 197, 209, 175, 0, 3.56%, 0, 0, 5, 176.83, 131196, 966
535, 2, 197, 209, 175, 0, 3.56%, 0, 0, 5, 180.32, 132141, 966
540, 2, 197, 209, 175, 0, 3.56%, 0, 0, 5, 174.53, 133020, 966
546, 2, 197, 209, 175, 0, 3.56%, 0, 0, 5, 181.03, 133956, 966
551, 2, 209, 211, 176, 1, 3.56%, 0, 0, 5, 215.63, 135030, 966
556, 2, 52, 211, 175, 0, 3.56%, 0, 0, 5, 219.71, 135991, 966
561, 2, 52, 212, 176, 0, 3.56%, 0, 0, 5, 266.45, 137476, 966
566, 2, 52, 212, 176, 0, 3.56%, 0, 0, 5, 302.41, 139089, 966
571, 2, 130, 212, 176, 0, 3.56%, 0, 0, 5, 200.24, 139928, 966
576, 2, 84, 212, 175, 0, 3.56%, 0, 0, 5, 291.86, 141500, 966
581, 2, 52, 214, 177, 0, 3.56%, 0, 0, 5, 280.84, 142956, 966
586, 2, 5, 214, 177, 0, 3.56%, 0, 0, 5, 280.95, 144340, 966
591, 2, 52, 214, 177, 0, 3.56%, 0, 0, 5, 328.54, 146058, 966
597, 2, 166, 214, 177, 0, 3.56%, 0, 0, 5, 174.06, 146757, 966
602, 2, 214, 215, 177, 1, 3.59%, 0, 0, 5, 184.27, 147837, 973
607, 2, 5, 216, 177, 0, 3.59%, 0, 0, 5, 175.72, 148631, 973
612, 2, 52, 217, 178, 0, 3.59%, 0, 0, 5, 345.02, 150606, 973
617, 2, 52, 218, 179, 0, 3.59%, 0, 0, 5, 287.37, 152018, 973
622, 3, 52, 219, 180, 0, 3.59%, 0, 0, 5, 277.57, 153452, 973
627, 3, 52, 219, 180, 0, 3.59%, 0, 0, 5, 276.34, 154890, 973
632, 3, 122, 219, 180, 0, 3.59%, 0, 0, 5, 198.35, 155871, 973
637, 3, 5, 220, 180, 0, 3.59%, 0, 0, 5, 282.30, 157422, 973
642, 3, 52, 222, 182, 0, 3.59%, 0, 0, 5, 305.08, 159064, 973
648, 3, 52, 230, 190, 0, 3.59%, 0, 0, 5, 181.80, 159881, 973
653, 3, 52, 234, 194, 0, 3.59%, 0, 0, 5, 139.70, 160544, 973
658, 3, 52, 240, 200, 0, 3.59%, 0, 0, 5, 129.19, 161190, 973
663, 3, 233, 241, 201, 1, 3.59%, 0, 0, 5, 122.54, 161824, 973
668, 3, 233, 241, 201, 1, 3.59%, 0, 0, 5, 118.88, 162426, 973
673, 3, 52, 241, 200, 0, 3.59%, 0, 0, 5, 224.20, 163601, 973
678, 3, 5, 244, 202, 0, 3.59%, 0, 0, 5, 253.39, 164890, 973
683, 3, 52, 245, 203, 0, 3.59%, 0, 0, 5, 286.81, 166406, 973
688, 3, 52, 246, 204, 0, 3.59%, 0, 0, 5, 264.89, 167715, 973
694, 3, 107, 247, 205, 0, 3.59%, 0, 0, 5, 262.67, 169132, 973
699, 3, 207, 248, 206, 0, 3.59%, 0, 0, 5, 196.24, 169928, 973
704, 3, 178, 248, 205, 0, 3.59%, 0, 0, 5, 229.73, 171189, 973
709, 3, 60, 248, 204, 0, 3.59%, 0, 0, 5, 182.32, 172067, 973
714, 3, 52, 250, 205, 0, 3.59%, 0, 0, 5, 245.72, 173264, 973
719, 3, 250, 251, 206, 1, 3.59%, 0, 0, 5, 199.28, 174412, 974
724, 3, 250, 251, 206, 1, 3.59%, 0, 0, 5, 136.65, 175026, 974
729, 3, 52, 251, 205, 0, 3.59%, 0, 0, 5, 255.09, 176536, 974
734, 3, 5, 251, 205, 0, 3.59%, 0, 0, 5, 298.84, 178100, 974
739, 3, 176, 251, 205, 0, 3.59%, 0, 0, 5, 272.34, 179468, 974
744, 3, 52, 252, 206, 0, 3.59%, 0, 0, 5, 258.57, 180767, 974
749, 3, 176, 255, 209, 0, 3.59%, 0, 0, 6, 262.05, 182188, 974
755, 3, 255, 256, 210, 1, 3.59%, 0, 0, 6, 196.60, 183234, 974
760, 3, 65, 257, 210, 0, 3.59%, 0, 0, 6, 249.21, 184437, 974
765, 3, 5, 257, 210, 0, 3.59%, 0, 0, 6, 311.50, 186064, 974
770, 3, 52, 257, 210, 0, 3.59%, 0, 0, 6, 306.49, 187569, 974
775, 3, 52, 257, 209, 0, 3.59%, 0, 0, 6, 239.28, 188548, 974
780, 3, 52, 257, 209, 0, 3.59%, 0, 0, 6, 285.73, 189981, 974
785, 3, 5, 258, 210, 0, 3.59%, 0, 0, 6, 275.65, 191383, 974
790, 3, 5, 258, 210, 0, 3.59%, 0, 0, 6, 262.32, 192720, 974
795, 3, 5, 259, 211, 0, 3.59%, 0, 0, 6, 274.63, 194185, 974
800, 3, 182, 259, 211, 0, 3.59%, 0, 0, 6, 267.52, 195629, 974
806, 3, 52, 260, 212, 0, 3.59%, 0, 0, 6, 269.01, 197027, 974
811, 3, 62, 261, 213, 0, 3.59%, 0, 0, 6, 217.73, 198192, 974
816, 3, 5, 262, 213, 0, 3.59%, 0, 0, 6, 222.55, 199223, 974
821, 3, 52, 264, 215, 0, 3.59%, 0, 0, 6, 250.78, 200527, 974
826, 3, 52, 264, 215, 0, 3.59%, 0, 0, 6, 284.33, 201936, 974
831, 3, 182, 264, 215, 0, 3.59%, 0, 0, 6, 295.67, 203411, 974
836, 3, 182, 264, 215, 0, 3.59%, 0, 0, 6, 284.94, 204858, 974
841, 3, 52, 264, 215, 0, 3.59%, 0, 0, 6, 299.15, 206393, 974
846, 3, 151, 264, 215, 0, 3.59%, 0, 0, 6, 206.46, 207513, 974
851, 3, 176, 265, 215, 0, 3.59%, 0, 0, 6, 267.14, 208736, 974
857, 3, 5, 265, 215, 0, 3.59%, 0, 0, 6, 243.25, 209926, 974
862, 3, 52, 265, 215, 0, 3.59%, 0, 0, 6, 259.95, 211397, 974
867, 3, 52, 265, 215, 0, 3.59%, 0, 0, 6, 276.31, 212849, 974
872, 3, 52, 265, 215, 0, 3.59%, 0, 0, 6, 269.59, 214176, 974
877, 3, 52, 265, 215, 0, 3.59%, 0, 0, 6, 252.08, 215438, 974
882, 4, 52, 266, 216, 0, 3.59%, 0, 0, 6, 281.17, 216934, 974
887, 4, 52, 266, 216, 0, 3.59%, 0, 0, 6, 269.34, 218327, 974
892, 4, 5, 267, 217, 0, 3.59%, 0, 0, 6, 291.78, 219902, 974
897, 4, 52, 267, 217, 0, 3.59%, 0, 0, 6, 299.79, 221433, 974
902, 4, 52, 267, 216, 0, 3.59%, 0, 0, 6, 227.54, 222379, 974
907, 4, 52, 268, 217, 0, 3.60%, 0, 0, 6, 296.26, 223962, 975
912, 4, 52, 268, 217, 0, 3.60%, 0, 0, 6, 269.92, 225305, 975
918, 4, 52, 269, 218, 0, 3.60%, 0, 0, 6, 272.52, 226702, 975
923, 4, 52, 270, 219, 0, 3.60%, 0, 0, 6, 260.69, 228018, 975
928, 4, 255, 272, 221, 0, 3.60%, 0, 0, 6, 235.64, 229228, 975
933, 4, 52, 272, 221, 0, 3.60%, 0, 0, 6, 239.03, 230468, 975
938, 4, 52, 272, 221, 0, 3.60%, 0, 0, 6, 317.96, 232216, 975
943, 4, 52, 272, 221, 0, 3.60%, 0, 0, 6, 275.36, 233587, 975
948, 4, 82, 272, 221, 0, 3.60%, 0, 0, 6, 190.77, 234531, 975
953, 4, 3, 273, 221, 0, 3.60%, 0, 0, 6, 205.72, 235603, 975
959, 4, 5, 274, 222, 0, 3.60%, 0, 0, 6, 265.16, 237044, 975
964, 4, 52, 274, 221, 0, 3.60%, 0, 0, 6, 229.83, 238023, 975
969, 4, 52, 274, 221, 0, 3.60%, 0, 0, 6, 277.85, 239521, 975
974, 4, 5, 274, 221, 0, 3.60%, 0, 0, 6, 274.87, 240896, 975
979, 4, 52, 274, 221, 0, 3.60%, 0, 0, 6, 255.50, 242178, 975
984, 4, 182, 274, 221, 0, 3.60%, 0, 0, 6, 269.74, 243558, 975
989, 4, 233, 274, 221, 0, 3.60%, 0, 0, 6, 254.60, 244852, 975
994, 4, 237, 274, 221, 0, 3.60%, 0, 0, 6, 199.07, 245968, 975
999, 4, 237, 274, 221, 0, 3.60%, 0, 0, 6, 135.84, 246588, 975
1004, 4, 160, 274, 220, 0, 3.60%, 0, 0, 6, 161.96, 247382, 975
1010, 4, 52, 274, 220, 0, 3.60%, 0, 0, 6, 272.12, 248918, 975
1015, 4, 52, 275, 221, 0, 3.60%, 0, 0, 6, 296.38, 250456, 975
1020, 4, 52, 275, 221, 0, 3.60%, 0, 0, 6, 257.36, 251691, 975
1025, 4, 52, 275, 221, 0, 3.60%, 0, 0, 6, 283.12, 253181, 975
1030, 4, 52, 275, 221, 0, 3.60%, 0, 0, 6, 298.56, 254658, 975
1035, 4, 52, 275, 221, 0, 3.60%, 0, 0, 6, 282.05, 256076, 975
1040, 4, 276, 278, 224, 2, 3.62%, 0, 0, 6, 228.79, 257211, 981
1045, 4, 52, 278, 223, 1, 3.62%, 0, 0, 6, 170.98, 257910, 981
1050, 4, 277, 278, 223, 1, 3.62%, 0, 0, 6, 200.58, 258844, 981
1055, 4, 277, 278, 223, 1, 3.62%, 0, 0, 6, 229.42, 260022, 981
1060, 4, 182, 278, 222, 0, 3.62%, 0, 0, 6, 213.68, 261024, 981
1066, 4, 5, 278, 222, 0, 3.62%, 0, 0, 6, 237.51, 262202, 981
1071, 4, 52, 278, 222, 0, 3.62%, 0, 0, 6, 246.42, 263464, 981
1076, 4, 52, 278, 222, 0, 3.62%, 0, 0, 6, 258.22, 264803, 981
1081, 4, 52, 278, 222, 0, 3.62%, 0, 0, 6, 285.33, 266439, 981
1086, 4, 160, 278, 222, 0, 3.62%, 0, 0, 6, 256.56, 267738, 981
1091, 4, 255, 279, 223, 0, 3.62%, 0, 0, 6, 248.11, 269022, 981
1096, 4, 199, 280, 223, 0, 3.64%, 0, 0, 6, 152.99, 269727, 986
1101, 4, 176, 280, 222, 0, 3.64%, 0, 0, 6, 232.29, 270920, 986
1106, 4, 176, 280, 222, 0, 3.64%, 0, 0, 6, 264.19, 272334, 986
1111, 4, 52, 280, 222, 0, 3.64%, 0, 0, 6, 282.83, 273807, 986
1116, 4, 52, 280, 222, 0, 3.64%, 0, 0, 6, 281.39, 275161, 986
1121, 4, 5, 280, 222, 0, 3.64%, 0, 0, 6, 292.97, 276657, 986
1126, 4, 5, 280, 221, 0, 3.64%, 0, 0, 6, 291.65, 277982, 986
1131, 4, 52, 280, 221, 0, 3.64%, 0, 0, 6, 271.21, 279349, 986
1136, 4, 52, 280, 221, 0, 3.64%, 0, 0, 6, 268.77, 280697, 986
1142, 4, 209, 280, 221, 0, 3.64%, 0, 0, 6, 242.93, 281931, 986
1147, 5, 132, 280, 221, 0, 3.64%, 0, 0, 6, 250.29, 283256, 986
1152, 5, 52, 280, 220, 0, 3.64%, 0, 0, 6, 225.34, 284158, 986
1157, 5, 224, 280, 220, 0, 3.64%, 0, 0, 6, 152.50, 284897, 986
1162, 5, 224, 280, 220, 0, 3.64%, 0, 0, 6, 122.62, 285496, 986
1167, 5, 277, 280, 219, 0, 3.64%, 0, 0, 6, 169.54, 286315, 986
1172, 5, 52, 280, 219, 0, 3.64%, 0, 0, 6, 250.69, 287608, 986
1177, 5, 279, 282, 221, 0, 3.64%, 0, 0, 6, 244.09, 288824, 986
1182, 5, 179, 282, 221, 0, 3.64%, 0, 0, 6, 249.05, 290113, 986
1187, 5, 52, 282, 221, 0, 3.64%, 0, 0, 6, 299.49, 291701, 986
1192, 5, 3, 282, 221, 0, 3.64%, 0, 0, 6, 312.05, 293251, 986
1197, 5, 52, 282, 221, 0, 3.64%, 0, 0, 6, 266.41, 294600, 986
1202, 5, 52, 282, 221, 0, 3.64%, 0, 0, 6, 274.13, 295956, 986
1207, 5, 65, 282, 221, 0, 3.64%, 0, 0, 6, 274.26, 297323, 986
1212, 5, 52, 282, 221, 0, 3.64%, 0, 0, 6, 272.40, 298734, 986
1218, 5, 149, 282, 221, 0, 3.64%, 0, 0, 6, 188.70, 299775, 986
1223, 5, 25, 282, 220, 0, 3.64%, 0, 0, 6, 147.56, 300482, 986
1228, 5, 279, 283, 220, 0, 3.64%, 0, 0, 6, 224.62, 301833, 986
1233, 5, 52, 283, 220, 0, 3.64%, 0, 0, 6, 286.99, 303451, 986
1238, 5, 202, 283, 220, 0, 3.64%, 0, 0, 6, 175.57, 304168, 986
1243, 5, 52, 283, 219, 0, 3.64%, 0, 0, 6, 253.23, 305530, 986
1248, 5, 52, 285, 221, 0, 3.64%, 0, 0, 6, 282.04, 306953, 986
1253, 5, 246, 285, 221, 0, 3.64%, 0, 0, 6, 160.53, 307653, 986
1258, 5, 246, 285, 221, 0, 3.64%, 0, 0, 6, 126.32, 308265, 986
1263, 5, 246, 285, 221, 0, 3.64%, 0, 0, 6, 120.69, 308863, 986
1269, 5, 246, 285, 221, 0, 3.64%, 0, 0, 6, 118.62, 309477, 986
1274, 5, 5, 285, 220, 0, 3.64%, 0, 0, 6, 225.70, 310665, 986
1279, 5, 52, 285, 220, 0, 3.64%, 0, 0, 6, 285.89, 312195, 986
1284, 5, 52, 285, 220, 0, 3.64%, 0, 0, 6, 272.47, 313528, 986
1289, 5, 5, 285, 220, 0, 3.64%, 0, 0, 6, 289.91, 315029, 986
1294, 5, 52, 285, 220, 0, 3.64%, 0, 0, 6, 265.74, 316425, 986
1299, 5, 52, 285, 220, 0, 3.64%, 0, 0, 6, 299.65, 318023, 986
1304, 5, 279, 285, 220, 0, 3.64%, 0, 0, 6, 286.02, 319564, 986
1309, 5, 3, 286, 220, 0, 3.64%, 0, 0, 6, 192.49, 320394, 987
1314, 5, 52, 286, 220, 0, 3.64%, 0, 0, 6, 279.30, 321897, 987
1319, 5, 279, 286, 220, 0, 3.64%, 0, 0, 6, 241.51, 323094, 987
1325, 5, 5, 287, 220, 0, 3.88%, 0, 0, 6, 189.67, 324062, 1053
1330, 5, 176, 287, 220, 0, 3.88%, 0, 0, 6, 267.60, 325511, 1053
1335, 5, 279, 287, 220, 0, 3.88%, 0, 0, 6, 251.87, 326778, 1053
1340, 5, 286, 295, 228, 0, 3.93%, 0, 0, 7, 241.69, 328022, 1067
1345, 5, 286, 302, 235, 0, 4.24%, 0, 0, 7, 259.01, 329399, 1151
1350, 5, 286, 305, 238, 0, 4.50%, 0, 0, 7, 268.53, 330775, 1220
1355, 5, 286, 308, 241, 0, 4.50%, 0, 0, 7, 269.69, 332171, 1220
1360, 5, 286, 308, 241, 0, 4.50%, 0, 0, 7, 270.87, 333546, 1220
1365, 5, 286, 310, 243, 0, 4.50%, 0, 0, 7, 268.96, 334938, 1220
1371, 5, 286, 310, 243, 0, 4.50%, 0, 0, 7, 291.55, 336465, 1220
1376, 5, 286, 312, 245, 0, 4.50%, 0, 0, 7, 266.48, 337764, 1220
1381, 5, 286, 316, 249, 0, 4.54%, 0, 0, 7, 266.26, 339077, 1232
1386, 5, 286, 320, 253, 0, 4.56%, 0, 0, 7, 276.50, 340435, 1236
1391, 5, 286, 326, 259, 0, 4.56%, 0, 0, 7, 181.21, 341246, 1237
1396, 5, 286, 328, 261, 0, 4.56%, 0, 0, 7, 155.41, 342005, 1237
1401, 5, 286, 330, 263, 0, 4.90%, 0, 0, 7, 191.87, 342940, 1330
1406, 5, 302, 331, 263, 14, 4.97%, 0, 0, 8, 173.50, 343744, 1348
1411, 5, 302, 338, 270, 14, 5.07%, 0, 0, 8, 189.24, 344737, 1375
1417, 5, 302, 343, 275, 14, 5.08%, 0, 0, 8, 197.14, 345748, 1378
1422, 5, 302, 344, 276, 14, 5.08%, 0, 0, 8, 206.88, 346821, 1378
1427, 5, 302, 348, 280, 14, 5.14%, 0, 0, 8, 208.31, 347857, 1393
1432, 5, 302, 350, 282, 14, 5.18%, 0, 0, 8, 204.66, 348881, 1404
1437, 5, 302, 353, 285, 14, 5.39%, 0, 0, 8, 204.16, 349901, 1461
1442, 5, 302, 357, 289, 14, 5.68%, 0, 0, 8, 201.82, 350945, 1540
1447, 5, 302, 360, 292, 14, 5.68%, 0, 0, 8, 204.30, 351961, 1540
1452, 5, 302, 364, 296, 14, 5.68%, 0, 0, 8, 203.53, 353012, 1540
1457, 5, 302, 365, 297, 14, 5.68%, 0, 0, 8, 204.67, 354064, 1541
1462, 5, 302, 365, 297, 14, 5.68%, 0, 0, 8, 209.63, 355120, 1541
1467, 5, 302, 365, 297, 14, 5.68%, 0, 0, 8, 210.33, 356188, 1541
1472, 5, 302, 366, 298, 14, 5.68%, 0, 0, 8, 219.89, 357309, 1541
1477, 5, 302, 370, 302, 14, 5.68%, 0, 0, 8, 162.06, 358054, 1541
1483, 5, 302, 373, 305, 14, 5.68%, 0, 0, 8, 156.45, 358840, 1541
1488, 5, 357, 374, 305, 28, 5.68%, 0, 0, 8, 166.87, 359766, 1541
1493, 5, 307, 376, 306, 27, 5.69%, 0, 0, 8, 155.59, 360462, 1543
1498, 5, 307, 383, 313, 27, 5.69%, 0, 0, 8, 291.74, 362137, 1543
1503, 5, 307, 385, 315, 27, 5.69%, 0, 0, 8, 342.53, 363920, 1543
1508, 5, 307, 385, 315, 27, 5.69%, 0, 0, 8, 354.46, 365743, 1543
1513, 5, 307, 386, 316, 27, 5.69%, 0, 0, 8, 360.00, 367603, 1543
1518, 5, 307, 386, 316, 27, 5.69%, 0, 0, 8, 352.06, 369360, 1543
1523, 5, 307, 386, 316, 27, 5.69%, 0, 0, 8, 344.66, 371126, 1543
1529, 5, 307, 386, 316, 27, 5.69%, 0, 0, 8, 360.47, 372986, 1543
1534, 5, 307, 389, 319, 27, 5.69%, 0, 0, 8, 220.97, 374008, 1544
1539, 5, 350, 391, 320, 28, 5.75%, 0, 0, 9, 312.71, 375631, 1558
1544, 5, 350, 393, 322, 28, 5.95%, 0, 0, 9, 337.16, 377371, 1614
1549, 5, 350, 393, 322, 28, 5.95%, 0, 0, 9, 360.68, 379167, 1614
1554, 5, 350, 393, 322, 28, 5.95%, 0, 0, 9, 353.39, 380931, 1614
1559, 5, 350, 394, 323, 28, 5.95%, 0, 0, 9, 367.00, 382812, 1614
1564, 5, 350, 394, 323, 28, 5.95%, 0, 0, 9, 286.05, 384327, 1614
1569, 5, 350, 395, 324, 28, 5.95%, 0, 0, 9, 196.49, 385257, 1614
1574, 5, 350, 395, 324, 28, 5.95%, 0, 0, 9, 162.29, 385984, 1614
1579, 5, 303, 395, 322, 30, 5.95%, 0, 0, 9, 157.20, 386831, 1614
1584, 5, 390, 395, 321, 29, 5.95%, 0, 0, 9, 203.55, 387749, 1614
1589, 5, 390, 395, 321, 29, 5.95%, 0, 0, 9, 264.09, 389399, 1614
1595, 5, 390, 395, 321, 29, 5.95%, 0, 0, 9, 208.09, 390396, 1614
1600, 5, 345, 395, 320, 28, 5.95%, 0, 0, 9, 209.79, 391400, 1614
1605, 5, 345, 396, 321, 28, 5.98%, 0, 0, 9, 218.39, 392535, 1622
1610, 5, 345, 406, 331, 28, 6.00%, 0, 0, 9, 149.95, 393209, 1627
1615, 5, 345, 410, 335, 28, 6.03%, 0, 0, 9, 118.95, 393805, 1635
1620, 5, 345, 414, 339, 28, 6.05%, 0, 0, 9, 144.54, 394468, 1641
1625, 5, 391, 415, 339, 31, 6.05%, 0, 0, 10, 420.79, 397038, 1642
1630, 5, 391, 415, 339, 31, 6.05%, 0, 0, 10, 240.32, 398118, 1642
1636, 5, 391, 415, 339, 31, 6.05%, 0, 0, 10, 196.23, 399175, 1642
1641, 5, 389, 415, 338, 31, 6.05%, 0, 0, 10, 312.03, 400822, 1642
1646, 5, 389, 415, 338, 31, 6.05%, 0, 0, 10, 228.16, 401834, 1642
1651, 5, 389, 415, 338, 31, 6.05%, 0, 0, 10, 170.43, 402619, 1642
1656, 5, 336, 415, 337, 30, 6.05%, 0, 0, 10, 262.48, 403965, 1642
1661, 5, 393, 415, 336, 29, 6.05%, 0, 0, 10, 275.00, 405206, 1642
1666, 5, 393, 415, 336, 29, 6.05%, 0, 0, 10, 283.29, 406741, 1642
1671, 5, 393, 415, 336, 29, 6.05%, 0, 0, 10, 224.36, 407788, 1642
1676, 5, 363, 417, 337, 28, 6.08%, 0, 0, 10, 238.27, 408934, 1650
1682, 5, 363, 427, 347, 28, 6.16%, 0, 0, 10, 149.55, 409583, 1671
1687, 5, 363, 429, 349, 28, 6.18%, 0, 0, 10, 139.99, 410294, 1676
1692, 5, 295, 430, 349, 32, 6.18%, 0, 0, 10, 212.65, 411437, 1676
1697, 5, 297, 442, 360, 31, 6.37%, 0, 0, 10, 205.05, 412622, 1727
1702, 5, 297, 446, 364, 31, 6.37%, 0, 0, 10, 170.29, 413434, 1727
1707, 5, 297, 450, 368, 31, 6.37%, 0, 0, 10, 167.66, 414239, 1727
1712, 5, 414, 451, 368, 34, 6.37%, 0, 0, 10, 149.94, 414933, 1727
1717, 5, 414, 451, 368, 34, 6.37%, 0, 0, 10, 165.22, 415774, 1727
1722, 5, 414, 451, 368, 34, 6.37%, 0, 0, 10, 218.20, 416857, 1727
1727, 5, 414, 451, 368, 34, 6.37%, 0, 0, 10, 228.31, 418029, 1727
1732, 5, 347, 451, 366, 32, 6.37%, 0, 0, 10, 190.38, 419066, 1727
1738, 5, 347, 457, 372, 32, 6.39%, 0, 0, 10, 186.92, 420085, 1732
1743, 5, 347, 464, 379, 32, 6.45%, 0, 0, 10, 141.01, 420742, 1749
1748, 5, 347, 469, 384, 32, 6.47%, 0, 0, 10, 153.19, 421502, 1755
1753, 5, 460, 469, 383, 38, 6.47%, 0, 0, 10, 130.68, 422206, 1755
1758, 5, 351, 472, 385, 37, 6.54%, 0, 0, 10, 140.79, 422881, 1774
1763, 5, 351, 478, 391, 37, 6.54%, 0, 0, 10, 156.14, 423687, 1774
1768, 5, 351, 484, 397, 37, 6.57%, 0, 0, 10, 165.49, 424570, 1781
1773, 5, 351, 486, 399, 37, 6.57%, 0, 0, 10, 168.34, 425437, 1781
1778, 5, 351, 486, 399, 37, 6.57%, 0, 0, 10, 167.47, 426322, 1781
1783, 5, 351, 487, 400, 37, 6.86%, 0, 0, 10, 178.73, 427228, 1861
1788, 5, 351, 489, 402, 37, 6.91%, 0, 0, 10, 165.10, 428071, 1875
1794, 5, 351, 490, 403, 37, 6.91%, 0, 0, 10, 166.04, 428899, 1875
1799, 5, 351, 491, 404, 37, 6.91%, 0, 0, 10, 176.89, 429811, 1875
1800, 5, 351, 492, 405, 37, 6.91%, 0, 0, 10, 174.00, 429975, 1875
1800, 5, 0, 492, 492, 6, 34.50%, 0, 0, 1, 0.00, 256, 807
