330 1 2 3 4 5 6 7 8 9 10 11 12 13 14 15 16 17 18 19 20 21 22 23 24 25 26 27 28 29 30 31 32 3 8
30 1 2 3 4 331 0 3 3 4 5 6 7 8 9 10 11 12 13 14 15 16 17 18 19 20 21 22 23 24 25 26 27 28 29 30 31 32 33 34 35 36 37 38 39 40 41 42 43 44 45 46 47 48 49 50 51 52 53 54 5 24 25 26 27 24
1 0 2 3 4 5 6 7 8
1 0 2 3 4  5 6 7 8
1 0 23 4 5 6 7 8
1 0 2 3 4 5 6 7 8
1 0 2 3 4 5      0 2 3 4 5 6 7 8 9 10 11 12 13 14 15 16 17 18 19 20 21 22 23 24 25 26 27 28 29 30 31 32 33 34 35 36 37 38 39 40 41 42 43 44 45 46 47 48 49 50 51 52 53 54 55 56 57 58 59 60 61 62 63 64
30 1 2 3 4 5 6 7 8
313 14 15 16 17 180 1 2 31 0 3 3 4 5 6 7 8 9 10 11 12 13 14 15 16 17 18 19 20 21 22 23 24 25 26 27 28 330 1 2 3 4 5 6 7 8 9 10 11 12 13 14 15 16 17 18 19 20 21 22 23 24 25 26 27 28 29 30 31 32 33 3  35 36 37 38 39 40 41 42 43 44 45 46 47 48 49 50 51 52 53 54 55 56 57 58 59 60 61 621 52 53 0 1 2 3 4 5 6 7 8
30 1 2 3 4 5 6 7 8
30 1 2 3 54 55 20 21 22 4 5 6 7 8
30 1 2 3 4 5 6 7 8
30 1 2 3 4 5 6 7 8
30 1 2 3 4 5 6 7 8
30 1 2 3 4 5 6 7 8 9 10 11 12 13 14 15 16 17 18 19 20 21 22 23 24 25 26 27 28 29 30 31 32 33 34 35 36 37 38 39 40 41 42 43 44 45 46 47 48 49 50 51 52 53 54 55 56 57 58 59 60 61 62 63 64
30 1 2 3 4 5 6 7 8
30 1 2 3 4 5 6 7 8
30 1 2 3 4 5 6 7 8
30 1 2 3 4 5 6 7 8
30 1 2 3 4 5 6 7 8
30 1 2 3 4 5 6 7 8
30 0 2 3 4 5 6 7 8 9 10 11 12 13 14 15 16 13330 1 2 3 4 5 6 7 8 9 10 11 12 13 14 15 16 17 18 19 20 21 22 23 24 25 26 27 28 29 30 31 32 33 3  35 36 371 0 3 3 4 5 6 7 8 9 30 1 2 3 4 5 6 7 14 15  5 6 7 8
30 7 48 49 50 51 52 53 54 55 20 21 22 23 24 25 26 27 28 29 30 31 32 33 34 35  1 37 38 39 40 41 42 43 44 45 7 8 9 10 11 5 6 3 12 53 54 55 56 571 62 63 64
30 1 2 3 4 5 6 7 8
30 1 2 3 4 5 6 7 8
30 1 2 3 4 5 6 7 8
30 1331 0 3 3 4 5 6 7 8 9 10 11 12 13 14 15 16 17 18 19 20 21 22 23 24 25 26 27 28 29 30 31 32 33 34 35 36 37 38 39 40 412 13 12 53 54 55 56 57 5850 51 52 53 54 55 56 57 58 59 60 61 62 63 64
1 0 2 3 4 5 6 7 8
1 0 2 3 4 5 630 1 2 3 4 5 6 7 8 9 10 11 11 32 33 34 35 36 37 38 39 40 41 42 43 44 45 46 45 48 49 50
51 52 53 54 55 56 57 57 59 60 61 62 63 64
30 1 2 3 4 5 6 7 8
30 1 3 4 5 6 7 8
3051 52 53 2 3 4 5 6 7 8
30 1 2 3 4 5 6 7 8
30 1 2 3 4 5 6 7 8
30 1 2 3 4 5 6 7 8
30 1 2 3 4 5 6 7 8
30 1 2 3 4 5 6 7 8 9 10 11 12 13 14 15 16 17 18 19 20 21 22  1423 24 25 26 27 28 29 30 31 338 39 40 41 42 4 46 47 48 49 50 51 52 53 54 55 56 57 58 59 60 61 62 63 64
30 1 2 3 4 5 6 7 8
30 1 2 3 4 5 6 7 8
38 39 40 41 42 43 44 45 46 47 48 49 50 51 52 53 54 55 3 64
1 0 2 3 4 5 6 7 8
1 0 2 3 4 5 6 7 8
1 0 2 3 4 5 6 7 8
1 0 2 3 4 5 6 7 8
1 0 2 3 4 5 6 7 8
1 0 2 3 4 5 6 7 8
30 0 2 3 4 5 6 7 8 22 23 24 25 26 27 28 29 30 31 32 33 34 352 53 54 55 56 57 58 59 60 61 62 63 64
30 1 2 3 4 5 6 7 8
30 1 2 3 4 5 6 7 8
30 1 2 3 4 5 6 7 8
30 1 2 3 4 5 6 7 8
30 1 2 3 4 5 6 7 8
30 1 2 3 4 5 6 7 8
30 1 2 3 4 5 6 7 8 9 10 11 12 13 14 15 16 17 18 19 20 21 22 23 24 25 1 0 3 3 4 5 6 7 8 9 10 11 12 13 14 15 16 17 18 19 20 21 22 23 24 25 26 27 28 29 30 31 32 33 34 35 36 37 38 39 40 41 42 43 44 45 46 47 48 49 50 51 52 53 54 55 56 57 58 59 60 61 62 6 32 30 34 35 36 37 38 39 40 41 42 43 44 45 46 47 48 49 50 51 52 53 54 55 3 64
1 0 2 3 4 5 6 7 8
1 0 2 3 4 5 6 7 8
1 0 2 3 4 5 6 7 8
1 0 2 3 4 5 6 7 8
1 0 2 3 4 5 6 7 8
1 0 2 3 4 5 6 7 8
3061 62 63 64
30 1 2 3 4 5 6 7 81 0 3 3 4 5 6 7 8 9 30 1 2 3 4 5 6 7 8 9 10 11 12 13 14 15 16 17 18 1947 48 49 50 511  2 3 4 5 6 7 8 9 10 11 12 13 14 15 16 17 18 19 20 21 22 23 24 25 1 0 3 3 4 5 6 7 2 13 14 15 16 17 18 19 20 21 22 23 24 25 26 27 28 29 30 31 32 33 3  35 36 37 38 39 40 41 4263 64
30 1 2 3 4 5 637 38 39 40 41 42 43 44 45 46 47 48 49 50 51 52 53 54 55 56 57 58 59 60 61 62 6 32 33 34 35 36 37 38 39 40 41 42 43 44 45 46 47 48 49 50 51 52 53 54 55 3 64
1 0 2 3 4 5 6 7 8
1 0 2 3 4 5 6 7 8
1 0 2 3 4 5 6 7 8
1 0 2 3 4 5 6 7 8
1 0 2 3 4 5 6 7 8
1 0 2 3 4 5 6 7 8
30 0 2 3 4 5 6 7 8 22 23 24 25 26 27 28 29 30 31 32 33 34 352 53 54 55 56 57 58 59 60 61 62 63 64
30 1 2 3 4 5 6 7 8
30 1 2 3 4 5 6 7 8
30 1 2 3 4 5 6 7 8
30 1 2 3 4 5 6 7 8
30 1 2 3 4 5 6 7 8
30 1 2 3 4 5 6 7 8
30 1 2 3 4 5 6 7 8 9 10 11 12 13 14 15 16 17 18 19 20 21 22 23 24 25 1 0 3 3 4 5 6 7 8 9 10 11 12 13 14 15 16 17 18 19 20 21 22 23 24 25 26 27 28 29 30 31 32 33 34 35 36 37 38 39 40 41 42 43 44 45 46 47 48 49 50 51 52 53 54 55 56 57 58 59 60 61 62 6 32 30 34 35 36 37 38 39 40 41 42 43 44 45 46 47 48 49 50 51 52 53 54 55 3 64
1 0 2 3 4 5 6 7 8
1 0 2 3 4 5 6 7 8
1 0 2 3 4 5 6 7 8
1 0 2 3 4 5 6 7 8
1 0 2 3 4 5 6 7 8
1 0 2 3 4 5 6 7 8
3061 62 63 64
30 1 2 3 4 5 6 7 81 0 3 3 4 5 6 7 8 9 30 1 2 3 4 5 6 7 8 9 10 11 12 13 14 15 16 17 18 1947 48 49 50 511  2 3 4 5 6 7 8 9 10 11 12 13 14 15 16 17 18 19 20 21 22 23 24 25 1 0 3 3 4 5 6 3 14 15 16 17 18 19 20 1 2 3 4 5 6 7 8 9 10 11 12 13 14 15 38 39 40 41 42 43 44 45 46 47 48 49 50 51 52 53 54 55 56 57 58 59 60 61 62 63 64
30 1 2 3 4 5 6 7 8
30 1 2 3 4 5 6 7 8
30 1 2 3 330 1 2 3 4 5 6 7 8 9 10 11 12 13 14 15 16 17 18 19 20 28 9 10 11 12 13 14 15 16 17 18 19 20 21  2 3 4 5 6 7 8 9 10 11 12 13 14 15 16 17 18 19 20 21 22 23 24 25 1 0 3 3 4 5 6 7 8 9 10 11 12 13 14 15 16 17 18 19 20 1 2 3 4 5 6 7 8 9 10 11 12 13 14 15 16 17 18 19 20 21  2 3 4 5 6 7 8 9 10 11 12 13 14 15 16 17 18 19 20 21 22 23 24 25 1 0 3 3 4 5 6 7 8 9 10 11 12 13 14 15 16 17 18 19 20 21 22 23 24 25 26 27 28 29 30 31 32 33 34 35 36 37 49 50 51 52 53 54 55 3 64
1 0 2 3 4 5 6 7 8
1 0 2 3 4 5 6 7 8
1 0 2 3 4 5 6 7 8
1 0 2 3 4 5 6 7 8
1 0 2 3 4 5 6 7 8
1 0 2 3 4 5 6 7 8
30 0 2 3 4 5 6 7 8 22 23 24 25 26 27 28 29 30 31 32 33 34 352 53 54 55 56 57 58 59 60 61 62 63 64
30 1 2 3 4 5 6 7 8
30 1 2 3 4 5 6 7 8
30 1 2 3 4 5 6 7 8
30 1 2 3 4 5 6 7 8
30 1 2 3 4 5 6 7 8
30 1 2 3 4 5 6 7 8
30 1 2 3 4 5 6 7 8 9 10 11 12 13 14 15 16 17 18 19 20 21 22 23 24 25 1 0 3 3 4 5 6 7 8 9 10 11 12 13 14 15 16 17 18 19 20 21 22 23 24 25 26 27 28 29 30 31 32 33 34 35 36 37 38 39 40 41 42 43 44 45 46 47 48 49 50 51 52 53 54 55 56 57 58 59 60 61 62 6 32 30 34 35 36 37 38 39 40 41 42 43 44 45 46 47 48 49 50 51 52 53 54 55 3 64
1 0 2 3 4 5 6 7 8
1 0 2 3 4 5 6 7 8
1 0 2 3 4 5 6 7 8
1 0 2 3 4 5 6 7 8
1 0 2 3 4 5 6 7 8
1 0 2 3 4 5 6 7 8
3061 62 63 64
30 1 2 3 4 5 6 7 81 0 3 3 4 5 6 7 8 9 30 1 2 3 4 5 6 7 8 9 10 11 12 13 14 15 16 17 189 20 21 22 23 24 25 1 0 3 3 4 5 6 7 8 9 10 11 12 13 14 15 16 17 1 0 3 3 4 5 6 7 8 9 10 11 12 13 14 15 16 17 18 19 20 21 22 23 24 25 26 27 28 29 30 31 32 33 34 35 36 37 38 39 40 41 42 43 44 45 46 47 48 49 50 51 52 53 54 55 56 57 58 59 60 61 62 6 32 33 34 35 36 37 38 39 40 41 42 43 44 45 46 47 48 49 50 51  49 50 51 52 53 54 5 6 7 8
30 1 2 3 4 5 6 7 8
30 1 2 3 4 5 6 7 8
30 1 2 3 4 5 6 7 8
30 1 2 3 4 5 6 7 8 9 10 11 12 13 14 15 16 17 18 19 20 21 22 23 24 25 26 27 28 29 30 31 32 33 34 35 36 37 38 39 40 41 42 43 44 45 46 47 48 49 50 51 52 53 54 55 56 57 58 59 60 61 62 63 64
30 1 2 3 4 5 6 7 8
30 1 2 3 4 5 6 7 8
30 1 2 3 330 1 2 3 4 5 6 7 8 9 10 11 12 13 14 15 16 17 18 19 20 28 9 10 11 12 13 14 15 16 17 18 19 20 21  2 3 4 5 6 7 8 9 10 11 12 13 14 15 16 17 18 19 20 21 22 23 24 25 1 0 3 3 4 5 6 7 8 9 10 11 12 13 14 15 16 17 18 19 20 1 2 3 4 5 6 7 8 9 10 11 12 13 14 15 16 17 18 19 20 21  2 3 4 5 6 7 8 9 10 11 12 13 14 15 16 17 18 19 20 21 22 23 24 25 1 0 3 3 4 5 6 7 8 9 10 11 12 13 14 15 16 17 18 19 20 21 22 23 24 25 26 27 28 29 30 31 32 33 34 35 36 37 38 39 40 41 42 43 44 45 46 47 48 49 50 51 52 53 54 55 56 57 58 59 60 61 62 6 32 33 34 35 36 37  6 7 8 9 10 11 12 13 14 15 16 17 18 19 20 21 22 23 24 25 26 27 28 29 30 31 32 33 34 35 36 37 38 39 40 41 42 43 44 45 46 47 48 49 50 51 52 42 43 44 45 53 54 55 30 1 2 3 4 5 6 7 8 9 10 11 12 13 14 15 16 17 18 19 20 21 22 23 24 25 26 27 28 29 30 31 32 33 34 35 36 37 38 39 40 41 42 43 44 45 46 45 48 49 50
51 52 53 54 55 56 57 57 59 60 61 62 63 64
30 1 2 3 4 5 6 7 8
30 1 3 4 5 6 7 8
3051 52 53 2 3 4 5 6 7 8
30 1 2 3 4 5 6 7 8
30 1 2 3 4 5 6 7 8
30 1 2 3 4 5 6 7 8
30 11 12 13 14 15 16 13330 1 2 3 4 5 6 7 8 9 10 11 12 13 14 15 16 17 18 19 20 21 22 23 24 25 26 27 28 29 30 31 32 33 3  35 36 371 0 3 3 4 5 6 7 8 9 30 1 2 3 4 5 6 7 14 15  5 6 7 8
30 7 48 49 50 51 52 53 54 55 20 21 22 23 24 25 26 27 28 29 30 31 32 33 34 35  1 37 38 39 40 41 42 43 44 45 7 8 9 10 11 5 6 3 12 53 54 55 56 571 62 63 64
30 1 2 3 4 5 6 7 8
30 1 2 3 4 5 6 7 8
30 1 2 3 4 5 6 7 8
30 1331 0 3 3 4 5 6 7 8 9 10 11 12 13 14 15 16 17 18 19 20 21 22 23 24 25 26 27 28 29 30 31 32 33 34 35 36 37 38 39 40 412 13 12 53 54 55 56 57 5850 51 52 53 54 55 56 57 58 59 60 61 62 63 64
1 0 2 3 4 5 6 7 8
1 0 2 3 4 5 630 1 2 3 4 5 6 7 8 9 10 11 11 32 33 34 35 36 37 38 39 40 41 42 43 44 45 46 45 48 49 50
51 52 53 54 55 56 57 57 59 60 61 62 63 64
30 1 2 3 4 5 6 7 8
30 1 3 4 5 6 7 8
3051 52 53 2 3 4 5 6 7 8
30 1 2 3 4 5 6 7 8
30 1 2 3 4 5 6 7 8
30 1 2 3 4 5 6 7 8
30 1 2 3 4 5 6 7 8
30 1 2 3 4 5 6 7 8 9 10 11 12 13 14 15 16 17 18 19 20 21 22 23 24 25 26 27 28 29 30 31 338 39 40 41 42 43 44 45 46 47 48 49 50 51 52 53 54 55 56 57 58 59 60 61 62 63 64
30 1 2 3 4 5 6 7 8
30 1 2 3 4 5 6 7 8
38 39 40 41 42 43 44 45 46 47 48 49 50 51 52 53 54 55 3 64
1 0 2 3 4 5 6 7 8
1 0 2 3 4 5 6 7 8
1 0 2 3 4 5 6 7 8
1 0 2 3 4 5 6 7 8
1 0 2 3 4 5 6 7 8
1 0 2 3 4 5 6 7 8
30 0 2 3 4 5 6 7 8 22 23 24 25 26 27 28 29 30 31 32 33 34 352 53 54 55 56 57 58 59 60 61 620 1 2 3 4 5 6 7  28 29 30 31 32 33 34 35 36 37 38 39 40 41 42 43 44 45 46 47 48 49 50 51 52 53 54 55 56 57 58 590 34 35 36 37 389 50 51 52 53 54 55 3 64
1 0 2 3 4 5 6 7 8
1 0 2 3 4 5 6 7 8
1 03 3 4 5 6 7 8 9 10 11 12 13 14 15 16 17 18 19 20 1 2 3 4 5 6 7 8 9 10 11 12 13 1 42 43 44 45 46 47 48 49 50 51 5 5 6 7 8 9 10 11 12 13 14 15 16  10 11 12 13 14 5 6 7 8 9 10 11 12 13 14 15 16 17 18 19 20 1 2 32 33 34 35 36 37 38 39 40 41 42 43 44 45 46 47 4 54 55 56 57 58  30 34 35 36 37 38 39 40 41 42 43 44 45 46 47 48 49 50 51 52 53 54 55 3 64
1 0 2 3 4 5 6 7 8
1 0
1 0 2 3 4 5 6 7 7 8
1 0 2 3 4 5 6 7 8
3061 62 63 64
30 1 2 3 4 5 6 7 81 0 3 3 4 5 6 7 8 9 30 1 2 3 4 5 6 7 8 9 10 11 12 13 14 15 16 17 18 1947 1 22 23 24 25 1 9 10 11 12 13 141 32 33 34 35 3657 59 60 61 62 63 64
30 1 2 3 4 5 6 7 8
30 1 3 45 6 7 8
30 1 2 3 9 10 11 12 13 152 53 54 55 56 555 3 64
1 0 2 3 4 5 6 7 8
1 0 2 3 4 5 6 7 8
1 0 2 3 4 5 6 7 8
1 8
1 0 2 3 4 5 6 0 31 32 33 34 352 53 54 55 56 57 5 6 7 8
30 1 2 3 4 5 6 7 8
30 10 1 2 3 4 5 6 7 8
30 1 2 3 4 5 6