# relative_time, cycles_done, cur_item, corpus_count, pending_total, pending_favs, map_size, saved_crashes, saved_hangs, max_depth, execs_per_sec, total_execs, edges_found
61, 0, 2, 66, 65, 2, 31.14%, 0, 0, 2, 181.53, 10844, 851
66, 0, 2, 68, 67, 2, 31.28%, 0, 0, 2, 182.81, 11777, 855
71, 0, 2, 71, 70, 2, 31.28%, 0, 0, 2, 183.04, 12713, 855
76, 0, 2, 72, 71, 2, 31.28%, 0, 0, 2, 175.65, 13598, 855
81, 0, 22, 75, 72, 6, 31.28%, 0, 0, 2, 172.26, 14509, 855
86, 0, 54, 76, 72, 5, 31.28%, 0, 0, 3, 162.32, 15338, 855
91, 0, 35, 78, 72, 3, 31.28%, 0, 0, 3, 165.77, 16201, 855
96, 0, 66, 84, 77, 2, 31.28%, 0, 0, 3, 162.47, 17061, 855
102, 0, 18, 85, 76, 1, 31.91%, 0, 0, 3, 140.07, 17811, 872
107, 0, 87, 90, 80, 3, 33.30%, 0, 0, 3, 177.80, 18839, 910
112, 0, 85, 98, 87, 2, 33.30%, 0, 0, 3, 213.87, 19945, 910
117, 0, 85, 102, 91, 2, 33.41%, 0, 0, 3, 186.86, 20886, 913
122, 0, 97, 104, 92, 4, 33.41%, 0, 0, 3, 152.73, 21663, 913
127, 0, 104, 106, 92, 3, 33.96%, 0, 0, 4, 160.34, 22425, 928
132, 0, 88, 106, 91, 2, 33.96%, 0, 0, 4, 174.69, 23232, 928
137, 0, 99, 111, 95, 1, 34.10%, 0, 0, 4, 199.59, 24177, 932
142, 0, 3, 113, 95, 0, 34.10%, 0, 0, 4, 218.79, 25206, 932
147, 0, 104, 121, 103, 0, 34.58%, 0, 0, 5, 248.93, 26598, 945
153, 0, 120, 121, 102, 1, 34.58%, 0, 0, 5, 223.06, 27753, 945
158, 0, 120, 126, 107, 1, 34.72%, 0, 0, 6, 203.17, 28753, 949
163, 0, 120, 129, 110, 1, 34.98%, 0, 0, 6, 184.91, 29677, 956
168, 0, 127, 133, 113, 4, 35.35%, 0, 0, 6, 175.53, 30616, 966
173, 0, 131, 133, 112, 3, 35.35%, 0, 0, 6, 134.11, 31247, 966
178, 0, 131, 144, 123, 3, 36.15%, 0, 0, 7, 149.09, 32006, 988
183, 0, 131, 151, 130, 3, 36.15%, 0, 0, 7, 152.30, 32798, 988
188, 0, 131, 154, 133, 3, 36.19%, 0, 0, 7, 158.36, 33611, 989
193, 0, 131, 155, 134, 3, 36.19%, 0, 0, 7, 163.21, 34439, 989
198, 0, 131, 158, 137, 3, 36.26%, 0, 0, 7, 162.94, 35258, 991
203, 0, 131, 161, 140, 3, 36.26%, 0, 0, 7, 160.18, 36047, 991
208, 0, 131, 163, 142, 3, 36.26%, 0, 0, 7, 155.99, 36827, 991
214, 0, 131, 165, 144, 3, 36.48%, 0, 0, 7, 159.55, 37635, 997
219, 0, 131, 167, 146, 3, 36.48%, 0, 0, 7, 158.67, 38454, 997
224, 0, 131, 167, 146, 3, 36.48%, 0, 0, 7, 158.32, 39249, 997
229, 0, 131, 168, 147, 3, 36.48%, 0, 0, 7, 160.73, 40065, 997
234, 0, 131, 169, 148, 3, 36.48%, 0, 0, 7, 162.51, 40887, 997
239, 0, 131, 171, 150, 3, 36.48%, 0, 0, 7, 154.46, 41682, 997
244, 0, 131, 172, 151, 3, 36.48%, 0, 0, 7, 156.81, 42489, 997
249, 0, 131, 176, 155, 3, 36.63%, 0, 0, 7, 158.79, 43302, 1001
254, 0, 131, 178, 157, 3, 36.66%, 0, 0, 7, 163.32, 44130, 1002
259, 0, 173, 179, 157, 11, 36.66%, 0, 0, 7, 187.95, 45062, 1002
264, 0, 156, 179, 156, 10, 36.66%, 0, 0, 7, 141.04, 45708, 1002
270, 0, 156, 184, 161, 10, 36.92%, 0, 0, 8, 162.77, 46568, 1009
275, 0, 156, 187, 164, 10, 36.92%, 0, 0, 8, 174.45, 47465, 1009
280, 0, 156, 188, 165, 10, 36.92%, 0, 0, 8, 171.05, 48344, 1009
285, 0, 156, 192, 169, 10, 37.21%, 0, 0, 8, 166.62, 49178, 1017
290, 0, 156, 195, 172, 10, 37.21%, 0, 0, 8, 175.97, 50097, 1017
295, 0, 156, 197, 174, 10, 37.21%, 0, 0, 8, 177.79, 50999, 1017
300, 0, 156, 198, 175, 10, 37.21%, 0, 0, 8, 177.32, 51890, 1017
305, 0, 156, 200, 177, 10, 37.21%, 0, 0, 8, 176.95, 52805, 1017
310, 0, 156, 201, 178, 10, 37.21%, 0, 0, 8, 169.51, 53648, 1017
315, 0, 156, 203, 180, 10, 37.21%, 0, 0, 8, 172.86, 54536, 1017
321, 0, 156, 204, 181, 10, 37.21%, 0, 0, 8, 186.94, 55514, 1017
326, 0, 156, 205, 182, 10, 37.21%, 0, 0, 8, 182.94, 56420, 1017
331, 0, 156, 207, 184, 10, 37.21%, 0, 0, 8, 178.55, 57342, 1017
336, 0, 156, 207, 184, 10, 37.21%, 0, 0, 8, 165.01, 58142, 1017
341, 0, 156, 208, 185, 10, 37.21%, 0, 0, 8, 176.51, 59039, 1017
346, 0, 128, 210, 186, 12, 37.32%, 0, 0, 8, 151.86, 59831, 1020
351, 0, 128, 213, 189, 12, 37.47%, 0, 0, 8, 213.87, 60975, 1024
356, 0, 128, 215, 191, 12, 37.47%, 0, 0, 8, 231.59, 62195, 1024
361, 0, 128, 217, 193, 12, 37.47%, 0, 0, 8, 240.39, 63407, 1024
366, 0, 128, 217, 193, 12, 37.47%, 0, 0, 8, 213.95, 64479, 1024
371, 0, 128, 218, 194, 12, 37.47%, 0, 0, 8, 231.46, 65667, 1024
376, 0, 128, 219, 195, 12, 37.47%, 0, 0, 8, 230.41, 66831, 1024
382, 0, 128, 221, 197, 12, 37.47%, 0, 0, 8, 213.18, 67955, 1024
387, 0, 128, 221, 197, 12, 37.47%, 0, 0, 8, 222.30, 69071, 1024
392, 0, 128, 221, 197, 12, 37.47%, 0, 0, 8, 248.29, 70363, 1024
397, 0, 128, 221, 197, 12, 37.47%, 0, 0, 8, 239.26, 71563, 1024
402, 0, 128, 224, 200, 12, 37.50%, 0, 0, 8, 234.64, 72747, 1025
407, 0, 224, 227, 201, 15, 37.50%, 0, 0, 8, 167.03, 73575, 1025
412, 0, 213, 228, 201, 14, 37.50%, 0, 0, 8, 185.41, 74464, 1025
417, 0, 213, 229, 202, 14, 37.69%, 0, 0, 8, 172.94, 75235, 1030
423, 0, 225, 232, 204, 15, 37.72%, 0, 0, 8, 155.56, 76106, 1031
428, 0, 225, 233, 205, 15, 37.72%, 0, 0, 8, 171.33, 76923, 1031
433, 0, 218, 233, 204, 14, 37.72%, 0, 0, 8, 149.10, 77647, 1031
438, 0, 222, 236, 206, 13, 37.72%, 0, 0, 8, 152.56, 78505, 1031
443, 0, 222, 239, 209, 13, 37.72%, 0, 0, 8, 174.51, 79382, 1031
448, 0, 222, 241, 211, 13, 37.72%, 0, 0, 8, 182.83, 80318, 1031
453, 0, 222, 241, 211, 13, 37.72%, 0, 0, 8, 181.60, 81221, 1031
458, 0, 222, 241, 211, 13, 37.72%, 0, 0, 8, 191.10, 82220, 1031
463, 0, 222, 242, 212, 13, 37.72%, 0, 0, 8, 189.18, 83153, 1031
468, 0, 222, 242, 212, 13, 37.72%, 0, 0, 8, 191.41, 84122, 1031
473, 0, 222, 242, 212, 13, 37.72%, 0, 0, 8, 198.24, 85148, 1031
478, 0, 222, 242, 212, 13, 37.72%, 0, 0, 8, 188.18, 86129, 1031
484, 0, 222, 243, 213, 13, 37.72%, 0, 0, 8, 186.50, 87095, 1031
489, 0, 222, 244, 214, 13, 37.72%, 0, 0, 8, 181.79, 88046, 1031
494, 0, 222, 245, 215, 13, 37.72%, 0, 0, 8, 185.17, 88985, 1031
499, 0, 222, 245, 215, 13, 37.72%, 0, 0, 8, 193.20, 89957, 1031
504, 0, 222, 246, 216, 13, 37.72%, 0, 0, 8, 188.02, 90896, 1031
509, 0, 222, 248, 218, 13, 37.72%, 0, 0, 8, 195.44, 91881, 1031
514, 0, 153, 249, 218, 12, 37.72%, 0, 0, 8, 153.94, 92608, 1031
519, 0, 229, 250, 218, 11, 37.72%, 0, 0, 8, 151.72, 93442, 1031
524, 0, 229, 252, 220, 11, 37.72%, 0, 0, 9, 152.25, 94210, 1031
529, 0, 229, 253, 221, 11, 37.72%, 0, 0, 9, 172.78, 95065, 1031
534, 0, 160, 253, 220, 10, 37.72%, 0, 0, 9, 149.36, 95876, 1031
540, 0, 228, 254, 220, 9, 37.72%, 0, 0, 9, 173.04, 96756, 1031
545, 0, 228, 255, 221, 9, 37.72%, 0, 0, 9, 202.56, 97711, 1031
550, 0, 142, 256, 221, 8, 37.72%, 0, 0, 9, 164.70, 98624, 1031
555, 0, 188, 257, 221, 7, 37.72%, 0, 0, 9, 173.27, 99512, 1031
560, 0, 188, 258, 222, 7, 37.87%, 0, 0, 9, 196.37, 100434, 1035
565, 0, 257, 258, 221, 7, 37.87%, 0, 0, 9, 164.48, 101343, 1035
570, 0, 179, 258, 220, 6, 37.87%, 0, 0, 9, 158.65, 102069, 1035
575, 0, 143, 258, 219, 5, 37.87%, 0, 0, 9, 170.32, 103053, 1035
580, 0, 123, 258, 218, 4, 37.87%, 0, 0, 9, 170.39, 103988, 1035
585, 0, 258, 260, 219, 4, 37.94%, 0, 0, 9, 175.23, 104895, 1037
590, 0, 183, 260, 218, 3, 37.94%, 0, 0, 9, 135.31, 105524, 1037
596, 0, 183, 260, 218, 3, 37.94%, 0, 0, 9, 208.71, 106584, 1037
601, 0, 177, 261, 218, 2, 37.94%, 0, 0, 9, 176.12, 107374, 1037
606, 0, 260, 261, 217, 1, 37.94%, 0, 0, 9, 163.01, 108260, 1037
611, 0, 182, 262, 217, 0, 37.94%, 0, 0, 9, 137.29, 108916, 1037
616, 0, 182, 264, 219, 0, 37.94%, 0, 0, 9, 155.13, 109716, 1037
621, 0, 182, 264, 219, 0, 37.94%, 0, 0, 9, 155.36, 110508, 1037
626, 0, 182, 266, 221, 0, 37.94%, 0, 0, 9, 153.90, 111291, 1037
631, 0, 182, 266, 221, 0, 37.94%, 0, 0, 9, 155.47, 112068, 1037
636, 0, 182, 267, 222, 0, 37.94%, 0, 0, 9, 154.79, 112848, 1037
641, 0, 182, 267, 222, 0, 37.94%, 0, 0, 9, 160.25, 113670, 1037
646, 0, 182, 267, 222, 0, 37.94%, 0, 0, 9, 157.12, 114465, 1037
651, 0, 182, 268, 223, 0, 37.94%, 0, 0, 9, 160.60, 115293, 1037
656, 0, 182, 268, 223, 0, 37.94%, 0, 0, 9, 156.24, 116085, 1037
662, 0, 182, 268, 223, 0, 37.94%, 0, 0, 9, 162.13, 116937, 1037
667, 0, 182, 268, 223, 0, 37.94%, 0, 0, 9, 161.61, 117744, 1037
672, 0, 182, 268, 223, 0, 37.94%, 0, 0, 9, 166.74, 118579, 1037
677, 0, 177, 268, 222, 0, 37.94%, 0, 0, 9, 225.99, 119847, 1037
682, 0, 5, 273, 227, 0, 37.94%, 0, 0, 9, 249.36, 121059, 1037
687, 0, 3, 274, 227, 0, 37.94%, 0, 0, 9, 242.88, 122118, 1037
692, 0, 5, 275, 228, 0, 37.94%, 0, 0, 9, 256.01, 123346, 1037
697, 0, 5, 279, 232, 0, 37.94%, 0, 0, 9, 265.85, 124638, 1037
702, 0, 5, 284, 237, 0, 37.94%, 0, 0, 9, 275.26, 126035, 1037
707, 0, 3, 285, 238, 0, 37.94%, 0, 0, 9, 287.04, 127500, 1037
712, 0, 3, 286, 239, 0, 37.94%, 0, 0, 9, 278.97, 128921, 1037
717, 0, 119, 291, 244, 0, 37.94%, 0, 0, 9, 275.23, 130407, 1037
722, 0, 218, 294, 247, 0, 37.94%, 0, 0, 9, 238.14, 131489, 1037
727, 0, 120, 294, 247, 0, 37.94%, 0, 0, 9, 271.18, 132807, 1037
732, 0, 3, 296, 249, 0, 37.94%, 0, 0, 9, 251.45, 134058, 1037
738, 0, 104, 296, 249, 0, 37.94%, 0, 0, 9, 265.00, 135352, 1037
743, 0, 120, 297, 250, 0, 37.94%, 0, 0, 9, 253.07, 136665, 1037
748, 0, 3, 297, 250, 0, 37.94%, 0, 0, 9, 283.80, 138054, 1037
753, 0, 3, 298, 251, 0, 37.94%, 0, 0, 9, 264.44, 139332, 1037
758, 0, 3, 299, 252, 0, 37.94%, 0, 0, 9, 276.81, 140703, 1037
763, 0, 5, 299, 252, 0, 37.94%, 0, 0, 9, 295.95, 142206, 1037
768, 0, 142, 300, 253, 0, 37.94%, 0, 0, 9, 260.02, 143427, 1037
773, 0, 228, 300, 253, 0, 37.94%, 0, 0, 9, 232.92, 144551, 1037
778, 0, 3, 300, 253, 0, 37.94%, 0, 0, 9, 297.86, 146154, 1037
783, 0, 224, 301, 254, 0, 37.94%, 0, 0, 9, 287.15, 147551, 1037
788, 0, 257, 302, 255, 0, 37.94%, 0, 0, 9, 277.80, 148971, 1037
793, 0, 5, 303, 256, 0, 37.94%, 0, 0, 10, 265.84, 150294, 1037
798, 0, 173, 304, 257, 0, 37.94%, 0, 0, 10, 255.53, 151647, 1037
803, 0, 5, 306, 259, 0, 37.94%, 0, 0, 10, 284.67, 153063, 1037
809, 0, 212, 308, 261, 0, 37.94%, 0, 0, 10, 270.53, 154389, 1037
814, 0, 3, 308, 261, 0, 37.94%, 0, 0, 10, 275.21, 155713, 1037
819, 0, 3, 309, 262, 0, 37.94%, 0, 0, 10, 266.51, 157055, 1037
824, 0, 3, 309, 262, 0, 37.94%, 0, 0, 10, 256.79, 158429, 1037
829, 0, 222, 309, 262, 0, 37.94%, 0, 0, 10, 258.12, 159754, 1037
834, 0, 123, 310, 263, 0, 37.94%, 0, 0, 10, 285.19, 161293, 1037
839, 0, 228, 310, 263, 0, 37.94%, 0, 0, 10, 233.22, 162372, 1037
844, 0, 273, 310, 263, 0, 37.94%, 0, 0, 10, 251.56, 163691, 1037
849, 0, 143, 311, 264, 0, 37.94%, 0, 0, 10, 265.04, 165120, 1037
854, 0, 222, 311, 264, 0, 37.94%, 0, 0, 10, 267.86, 166602, 1037
859, 0, 54, 311, 264, 0, 37.94%, 0, 0, 10, 240.77, 167812, 1037
865, 0, 222, 311, 264, 0, 37.94%, 0, 0, 10, 233.08, 169081, 1037
870, 0, 213, 312, 265, 0, 37.94%, 0, 0, 10, 244.80, 170345, 1037
875, 0, 5, 313, 266, 0, 37.94%, 0, 0, 10, 277.83, 171650, 1037
880, 0, 3, 314, 267, 0, 37.94%, 0, 0, 10, 305.00, 173166, 1037
885, 0, 258, 315, 268, 0, 37.94%, 0, 0, 10, 257.47, 174457, 1037
890, 0, 5, 315, 268, 0, 37.94%, 0, 0, 10, 279.26, 175873, 1037
895, 0, 3, 315, 268, 0, 37.94%, 0, 0, 10, 289.72, 177302, 1037
900, 0, 5, 315, 268, 0, 37.94%, 0, 0, 10, 276.15, 178680, 1037
905, 0, 5, 315, 268, 0, 37.94%, 0, 0, 10, 298.40, 180222, 1037
910, 0, 229, 316, 269, 0, 37.94%, 0, 0, 10, 297.51, 181689, 1037
915, 0, 104, 317, 270, 0, 37.98%, 0, 0, 10, 259.50, 182947, 1038
920, 0, 5, 317, 270, 0, 37.98%, 0, 0, 10, 279.46, 184350, 1038
925, 0, 5, 317, 270, 0, 37.98%, 0, 0, 10, 295.31, 185878, 1038
931, 0, 3, 318, 271, 0, 37.98%, 0, 0, 10, 295.15, 187419, 1038
936, 0, 102, 318, 271, 0, 37.98%, 0, 0, 10, 219.29, 188498, 1038
941, 0, 5, 318, 270, 0, 37.98%, 0, 0, 10, 281.63, 189965, 1038
946, 0, 54, 319, 271, 0, 37.98%, 0, 0, 10, 276.33, 191343, 1038
951, 0, 119, 320, 272, 0, 37.98%, 0, 0, 10, 294.52, 192850, 1038
956, 0, 5, 320, 272, 0, 37.98%, 0, 0, 10, 286.51, 194291, 1038
961, 0, 260, 321, 273, 0, 37.98%, 0, 0, 10, 241.59, 195454, 1038
966, 0, 188, 321, 273, 0, 37.98%, 0, 0, 10, 222.74, 196531, 1038
971, 0, 244, 322, 274, 0, 37.98%, 0, 0, 10, 225.62, 197721, 1038
976, 0, 244, 322, 274, 0, 37.98%, 0, 0, 10, 172.78, 198466, 1038
981, 0, 5, 323, 274, 0, 37.98%, 0, 0, 10, 261.30, 199817, 1038
986, 0, 177, 323, 274, 0, 37.98%, 0, 0, 10, 254.26, 201117, 1038
991, 0, 3, 323, 274, 0, 37.98%, 0, 0, 10, 272.24, 202466, 1038
997, 0, 228, 323, 274, 0, 37.98%, 0, 0, 10, 234.68, 203706, 1038
1002, 0, 177, 323, 274, 0, 37.98%, 0, 0, 10, 220.94, 204870, 1038
1007, 0, 120, 323, 274, 0, 37.98%, 0, 0, 10, 250.98, 206259, 1038
1012, 0, 3, 323, 274, 0, 37.98%, 0, 0, 10, 272.87, 207589, 1038
1017, 1, 225, 323, 274, 0, 37.98%, 0, 0, 10, 245.23, 208892, 1038
1022, 1, 143, 323, 273, 0, 37.98%, 0, 0, 10, 225.81, 209948, 1038
1027, 1, 3, 323, 273, 0, 37.98%, 0, 0, 10, 270.49, 211349, 1038
1032, 1, 160, 323, 273, 0, 37.98%, 0, 0, 10, 223.02, 212483, 1038
1037, 1, 303, 323, 273, 0, 37.98%, 0, 0, 10, 166.51, 213385, 1038
1042, 1, 212, 323, 272, 0, 37.98%, 0, 0, 10, 235.29, 214574, 1038
1047, 1, 5, 324, 272, 0, 37.98%, 0, 0, 10, 179.73, 215400, 1038
1053, 1, 5, 324, 272, 0, 37.98%, 0, 0, 10, 220.38, 216610, 1038
1058, 1, 36, 324, 272, 0, 37.98%, 0, 0, 10, 292.42, 218219, 1038
1063, 1, 119, 324, 272, 0, 37.98%, 0, 0, 10, 279.66, 219489, 1038
1068, 1, 120, 325, 273, 0, 37.98%, 0, 0, 10, 266.45, 220850, 1038
1073, 1, 5, 325, 273, 0, 37.98%, 0, 0, 10, 307.32, 222405, 1038
1078, 1, 5, 327, 275, 0, 37.98%, 0, 0, 10, 267.82, 223739, 1038
1083, 1, 5, 327, 275, 0, 37.98%, 0, 0, 10, 283.52, 225205, 1038
1088, 1, 328, 329, 277, 1, 37.98%, 0, 0, 10, 249.01, 226556, 1038
1093, 1, 54, 329, 276, 0, 37.98%, 0, 0, 10, 229.23, 227565, 1038
1099, 1, 222, 329, 276, 0, 37.98%, 0, 0, 10, 230.41, 228756, 1038
1104, 1, 199, 329, 276, 0, 37.98%, 0, 0, 10, 173.81, 229686, 1038
1109, 1, 3, 329, 275, 0, 37.98%, 0, 0, 10, 219.68, 230752, 1038
1114, 1, 225, 329, 274, 0, 37.98%, 0, 0, 10, 239.57, 231976, 1038
1119, 1, 53, 329, 274, 0, 37.98%, 0, 0, 10, 251.28, 233252, 1038
1124, 1, 160, 330, 275, 0, 37.98%, 0, 0, 10, 252.11, 234633, 1038
1129, 1, 328, 334, 279, 0, 37.98%, 1, 0, 10, 285.82, 236073, 1038
1134, 1, 328, 335, 280, 0, 37.98%, 1, 0, 10, 317.01, 237769, 1038
1139, 1, 328, 336, 281, 0, 37.98%, 1, 0, 10, 328.22, 239449, 1038
1144, 1, 328, 336, 281, 0, 37.98%, 1, 0, 10, 330.59, 241117, 1038
1150, 1, 332, 336, 281, 2, 37.98%, 1, 0, 10, 238.20, 242404, 1038
1155, 1, 334, 336, 280, 1, 37.98%, 1, 0, 10, 151.03, 243056, 1038
1160, 1, 334, 337, 281, 1, 37.98%, 1, 0, 10, 161.32, 243895, 1038
1165, 1, 160, 337, 280, 0, 37.98%, 1, 0, 10, 219.53, 245103, 1038
1170, 1, 142, 337, 280, 0, 37.98%, 1, 0, 10, 229.91, 246369, 1038
1175, 1, 53, 338, 281, 0, 37.98%, 1, 0, 10, 287.06, 247792, 1038
1180, 1, 53, 338, 281, 0, 37.98%, 1, 0, 10, 286.45, 249265, 1038
1185, 1, 53, 339, 282, 0, 37.98%, 1, 0, 10, 302.10, 250757, 1038
1190, 1, 196, 339, 282, 0, 37.98%, 1, 0, 10, 177.71, 251519, 1038
1196, 1, 53, 340, 282, 0, 38.24%, 1, 0, 10, 241.22, 252802, 1045
1201, 1, 339, 340, 282, 1, 38.24%, 1, 0, 10, 153.19, 253464, 1045
1206, 1, 5, 340, 281, 0, 38.24%, 1, 0, 10, 225.89, 254671, 1045
1211, 1, 227, 341, 282, 0, 38.24%, 1, 0, 10, 192.60, 255748, 1045
1216, 1, 53, 341, 281, 0, 38.24%, 1, 0, 10, 228.88, 256869, 1045
1221, 1, 339, 342, 282, 0, 38.24%, 1, 0, 10, 255.04, 258231, 1045
1226, 1, 341, 342, 282, 1, 38.24%, 1, 0, 10, 158.66, 258964, 1045
1231, 1, 157, 343, 282, 0, 38.24%, 1, 0, 10, 187.59, 260130, 1045
1236, 1, 53, 343, 281, 0, 38.24%, 1, 0, 10, 239.36, 261403, 1045
1241, 1, 104, 343, 281, 0, 38.24%, 1, 0, 10, 235.07, 262664, 1045
1246, 1, 53, 343, 281, 0, 38.24%, 1, 0, 10, 240.86, 263850, 1045
1251, 1, 5, 343, 281, 0, 38.24%, 1, 0, 10, 291.86, 265344, 1045
1257, 1, 173, 344, 282, 0, 38.24%, 1, 0, 10, 288.69, 266755, 1045
1262, 1, 5, 345, 283, 0, 38.24%, 1, 0, 10, 291.10, 268128, 1045
1267, 1, 112, 345, 283, 0, 38.24%, 1, 0, 10, 224.22, 269222, 1045
1272, 1, 5, 345, 282, 0, 38.24%, 1, 0, 10, 278.34, 270744, 1045
1277, 1, 224, 345, 282, 0, 38.24%, 1, 0, 10, 276.18, 272176, 1045
1282, 1, 5, 345, 282, 0, 38.24%, 1, 0, 10, 286.57, 273614, 1045
1287, 1, 53, 345, 282, 0, 38.24%, 1, 0, 10, 251.47, 274826, 1045
1292, 1, 101, 345, 282, 0, 38.24%, 1, 0, 10, 249.63, 276071, 1045
1297, 1, 53, 345, 282, 0, 38.24%, 1, 0, 10, 291.90, 277614, 1045
1303, 1, 45, 346, 283, 0, 38.24%, 1, 0, 10, 222.05, 278792, 1045
1308, 1, 53, 346, 282, 0, 38.24%, 1, 0, 10, 281.96, 280264, 1045
1313, 1, 53, 347, 283, 0, 38.24%, 1, 0, 10, 299.52, 281788, 1045
1318, 1, 315, 347, 283, 0, 38.24%, 1, 0, 10, 189.50, 282740, 1045
1323, 1, 53, 347, 282, 0, 38.24%, 1, 0, 10, 252.49, 284019, 1045
1328, 1, 325, 347, 282, 0, 38.24%, 1, 0, 10, 216.40, 285222, 1045
1333, 1, 5, 347, 281, 0, 38.24%, 1, 0, 10, 241.09, 286340, 1045
1338, 1, 5, 347, 281, 0, 38.24%, 1, 0, 10, 288.17, 287851, 1045
1343, 1, 173, 347, 280, 0, 38.24%, 1, 0, 10, 251.20, 289110, 1045
1348, 1, 5, 347, 280, 0, 38.24%, 1, 0, 10, 285.92, 290542, 1045
1353, 1, 109, 347, 280, 0, 38.24%, 1, 0, 10, 263.04, 291885, 1045
1359, 1, 332, 348, 281, 0, 38.24%, 1, 0, 10, 279.02, 293291, 1045
1364, 1, 5, 348, 281, 0, 38.24%, 1, 0, 10, 290.93, 294725, 1045
1369, 1, 263, 348, 281, 0, 38.24%, 1, 0, 10, 181.46, 295436, 1045
1374, 1, 53, 348, 280, 0, 38.24%, 1, 0, 10, 265.32, 296815, 1045
1379, 1, 5, 349, 281, 0, 38.24%, 1, 0, 10, 313.19, 298451, 1045
1384, 1, 53, 349, 281, 0, 38.24%, 1, 0, 10, 277.49, 299813, 1045
1389, 1, 53, 349, 281, 0, 38.24%, 1, 0, 10, 288.72, 301256, 1045
1394, 1, 53, 349, 281, 0, 38.24%, 1, 0, 10, 291.89, 302621, 1045
1399, 1, 53, 349, 281, 0, 38.24%, 1, 0, 10, 261.26, 303862, 1045
1404, 1, 53, 349, 281, 0, 38.24%, 1, 0, 10, 284.25, 305300, 1045
1409, 1, 53, 349, 281, 0, 38.24%, 1, 0, 10, 269.15, 306656, 1045
1414, 1, 5, 350, 281, 0, 38.24%, 1, 0, 10, 220.56, 307619, 1045
1419, 1, 53, 350, 281, 0, 38.24%, 1, 0, 10, 258.61, 308943, 1045
1424, 1, 5, 350, 281, 0, 38.24%, 1, 0, 10, 259.14, 310261, 1045
1429, 1, 119, 350, 281, 0, 38.24%, 1, 0, 10, 286.61, 311774, 1045
1435, 1, 104, 353, 284, 0, 38.24%, 1, 0, 10, 236.94, 312905, 1045
1440, 1, 5, 353, 284, 0, 38.24%, 1, 0, 10, 292.98, 314413, 1045
1445, 1, 53, 353, 284, 0, 38.24%, 1, 0, 10, 260.89, 315641, 1045
1450, 1, 35, 353, 284, 0, 38.24%, 1, 0, 10, 267.73, 317048, 1045
1455, 1, 177, 353, 284, 0, 38.24%, 1, 0, 10, 218.99, 318146, 1045
1460, 1, 224, 353, 284, 0, 38.24%, 1, 0, 10, 242.75, 319417, 1045
1465, 1, 5, 353, 284, 0, 38.24%, 1, 0, 10, 259.78, 320759, 1045
1470, 1, 173, 353, 284, 0, 38.24%, 1, 0, 10, 248.89, 322072, 1045
1475, 1, 5, 353, 284, 0, 38.24%, 1, 0, 10, 292.60, 323512, 1045
1480, 1, 5, 353, 284, 0, 38.24%, 1, 0, 10, 293.69, 324960, 1045
1485, 1, 304, 353, 284, 0, 38.24%, 1, 0, 10, 255.07, 326328, 1045
1490, 1, 53, 353, 283, 0, 38.24%, 1, 0, 10, 237.43, 327344, 1045
1495, 1, 336, 353, 283, 0, 38.24%, 1, 0, 10, 175.42, 328293, 1045
1501, 1, 336, 355, 285, 0, 38.24%, 1, 0, 10, 167.52, 329112, 1045
1506, 1, 336, 357, 287, 0, 38.24%, 1, 0, 10, 165.04, 329970, 1045
1511, 1, 336, 358, 288, 0, 38.24%, 1, 0, 10, 156.04, 330753, 1045
1516, 1, 336, 360, 290, 0, 38.24%, 1, 0, 10, 161.55, 331605, 1045
1521, 1, 336, 360, 290, 0, 38.24%, 1, 0, 10, 162.82, 332412, 1045
1526, 1, 336, 361, 291, 0, 38.24%, 1, 0, 10, 164.69, 333279, 1045
1531, 1, 336, 361, 291, 0, 38.24%, 1, 0, 10, 165.48, 334110, 1045
1537, 1, 336, 363, 293, 0, 38.24%, 1, 0, 10, 164.16, 334956, 1045
1542, 1, 336, 363, 293, 0, 38.24%, 1, 0, 10, 166.32, 335802, 1045
1547, 1, 336, 363, 293, 0, 38.24%, 1, 0, 10, 161.79, 336615, 1045
1552, 1, 336, 363, 293, 0, 38.24%, 1, 0, 10, 160.76, 337419, 1045
1557, 1, 336, 364, 294, 0, 38.24%, 1, 0, 10, 190.75, 338352, 1045
1562, 1, 104, 364, 293, 0, 38.24%, 1, 0, 10, 272.47, 339754, 1045
1567, 1, 5, 364, 293, 0, 38.24%, 1, 0, 10, 297.85, 341245, 1045
1572, 2, 66, 365, 294, 0, 38.24%, 1, 0, 10, 288.10, 342748, 1045
1577, 2, 3, 366, 295, 0, 38.24%, 1, 0, 10, 249.12, 343939, 1045
1582, 2, 174, 368, 297, 0, 38.24%, 1, 0, 10, 169.86, 344775, 1045
1587, 2, 53, 369, 297, 0, 38.24%, 1, 0, 10, 231.13, 345955, 1045
1592, 2, 160, 378, 306, 0, 38.24%, 1, 0, 10, 167.58, 346765, 1045
1597, 2, 160, 382, 310, 0, 38.24%, 1, 0, 10, 140.22, 347429, 1045
1602, 2, 160, 383, 311, 0, 38.24%, 1, 0, 10, 139.99, 348128, 1045
1607, 2, 175, 383, 311, 0, 38.24%, 1, 0, 10, 180.73, 349219, 1045
1612, 2, 5, 383, 310, 0, 38.24%, 1, 0, 10, 200.87, 350138, 1045
1617, 2, 246, 384, 311, 0, 38.24%, 1, 0, 10, 184.86, 351179, 1045
1623, 2, 246, 385, 312, 0, 38.24%, 1, 0, 10, 176.77, 352022, 1045
1628, 2, 246, 390, 317, 0, 38.24%, 1, 0, 10, 150.07, 352804, 1045
1633, 2, 246, 394, 321, 0, 38.24%, 1, 0, 10, 131.47, 353432, 1045
1638, 2, 5, 395, 321, 0, 38.24%, 1, 0, 10, 202.31, 354481, 1045
1643, 2, 132, 395, 321, 0, 38.24%, 1, 0, 10, 167.46, 355228, 1045
1648, 2, 5, 395, 320, 0, 38.24%, 1, 0, 10, 236.51, 356453, 1045
1653, 2, 3, 395, 320, 0, 38.24%, 1, 0, 10, 266.76, 357835, 1045
1658, 2, 53, 395, 320, 0, 38.24%, 1, 0, 10, 271.57, 359230, 1045
1663, 2, 123, 395, 320, 0, 38.24%, 1, 0, 10, 231.33, 360420, 1045
1668, 2, 104, 395, 320, 0, 38.24%, 1, 0, 10, 229.14, 361529, 1045
1673, 2, 53, 395, 320, 0, 38.24%, 1, 0, 10, 241.67, 362711, 1045
1678, 2, 104, 395, 320, 0, 38.24%, 1, 0, 10, 251.24, 364025, 1045
1683, 2, 22, 397, 322, 0, 38.24%, 1, 0, 10, 247.49, 365210, 1045
1688, 2, 120, 397, 322, 0, 38.24%, 1, 0, 10, 256.08, 366510, 1045
1694, 2, 142, 398, 323, 0, 38.24%, 1, 0, 10, 225.28, 367672, 1045
1699, 2, 53, 398, 323, 0, 38.24%, 1, 0, 10, 240.40, 368899, 1045
1704, 2, 53, 398, 323, 0, 38.24%, 1, 0, 10, 272.57, 370349, 1045
1709, 2, 184, 398, 323, 0, 38.24%, 1, 0, 10, 172.29, 371221, 1045
1714, 2, 5, 398, 322, 0, 38.24%, 1, 0, 10, 212.62, 372245, 1045
1719, 2, 5, 398, 322, 0, 38.24%, 1, 0, 10, 237.49, 373455, 1045
1724, 2, 53, 398, 322, 0, 38.24%, 1, 0, 10, 247.04, 374655, 1045
1729, 2, 53, 398, 322, 0, 38.24%, 1, 0, 10, 235.38, 375886, 1045
1734, 2, 53, 398, 322, 0, 38.24%, 1, 0, 10, 252.45, 377175, 1045
1739, 2, 5, 401, 325, 0, 38.24%, 1, 0, 10, 235.06, 378324, 1045
1744, 2, 5, 401, 325, 0, 38.24%, 1, 0, 10, 247.16, 379560, 1045
1749, 2, 5, 401, 325, 0, 38.24%, 1, 0, 10, 259.61, 380928, 1045
1754, 2, 5, 401, 325, 0, 38.24%, 1, 0, 10, 257.03, 382191, 1045
1760, 2, 119, 401, 325, 0, 38.24%, 1, 0, 10, 247.17, 383428, 1045
1765, 2, 53, 401, 325, 0, 38.24%, 1, 0, 10, 239.23, 384644, 1045
1770, 2, 213, 401, 325, 0, 38.24%, 1, 0, 10, 257.06, 386024, 1045
1775, 2, 53, 402, 326, 0, 38.24%, 1, 0, 10, 250.20, 387201, 1045
1780, 2, 53, 404, 328, 0, 38.24%, 1, 0, 10, 212.65, 388254, 1045
1785, 2, 104, 404, 328, 0, 38.24%, 1, 0, 10, 219.79, 389418, 1045
1790, 2, 53, 409, 333, 0, 38.24%, 1, 0, 10, 198.21, 390482, 1045
1795, 2, 53, 415, 339, 0, 38.24%, 1, 0, 10, 146.09, 391154, 1045
1800, 2, 53, 417, 341, 0, 38.24%, 3, 0, 10, 0.00, 391698, 1045
1800, 2, 0, 417, 417, 10, 34.25%, 0, 0, 2, 0.00, 180, 936
