# relative_time, cycles_done, cur_item, corpus_count, pending_total, pending_favs, map_size, saved_crashes, saved_hangs, max_depth, execs_per_sec, total_execs, edges_found
61, 0, 2, 73, 72, 2, 31.80%, 0, 0, 2, 191.85, 10990, 869
66, 0, 2, 74, 73, 2, 31.80%, 0, 0, 2, 182.67, 11944, 869
71, 0, 2, 76, 75, 2, 31.80%, 0, 0, 2, 177.44, 12841, 869
76, 0, 2, 81, 80, 2, 31.80%, 0, 0, 2, 180.43, 13762, 869
81, 0, 64, 84, 82, 7, 31.80%, 0, 0, 2, 164.00, 14658, 869
87, 0, 37, 86, 81, 4, 31.80%, 0, 0, 3, 167.72, 15533, 869
92, 0, 70, 88, 81, 2, 31.80%, 0, 0, 3, 181.51, 16599, 869
97, 0, 66, 92, 84, 2, 32.20%, 0, 0, 3, 191.08, 17552, 880
102, 0, 74, 93, 83, 0, 32.20%, 0, 0, 3, 227.52, 18593, 880
107, 0, 4, 106, 96, 0, 32.20%, 0, 0, 3, 212.79, 19714, 880
112, 0, 4, 109, 99, 0, 32.35%, 0, 0, 3, 196.23, 20678, 884
117, 0, 74, 111, 100, 0, 32.35%, 0, 0, 3, 165.46, 21439, 884
123, 0, 114, 117, 105, 0, 32.35%, 0, 0, 4, 180.38, 22428, 884
128, 0, 4, 120, 108, 0, 32.35%, 0, 0, 4, 328.97, 24255, 884
133, 0, 4, 123, 111, 0, 32.35%, 0, 0, 4, 319.17, 25841, 884
138, 0, 74, 123, 111, 0, 32.35%, 0, 0, 4, 341.66, 27561, 884
143, 0, 74, 128, 116, 0, 32.35%, 0, 0, 4, 369.34, 29350, 884
148, 0, 17, 133, 120, 1, 32.86%, 0, 0, 4, 262.31, 30465, 898
153, 0, 130, 137, 123, 1, 33.52%, 0, 0, 4, 202.59, 31350, 916
158, 0, 130, 140, 126, 1, 33.85%, 0, 0, 4, 220.27, 32525, 925
163, 0, 130, 140, 126, 1, 33.85%, 0, 0, 4, 229.48, 33753, 925
168, 0, 130, 142, 128, 1, 33.85%, 0, 0, 4, 232.82, 34953, 925
173, 0, 130, 142, 128, 1, 33.85%, 0, 0, 4, 235.58, 36153, 925
178, 0, 130, 142, 128, 1, 33.85%, 0, 0, 4, 230.22, 37289, 925
184, 0, 130, 144, 130, 1, 34.25%, 0, 0, 4, 227.41, 38445, 936
189, 0, 130, 145, 131, 1, 34.25%, 0, 0, 4, 226.01, 39581, 936
194, 0, 130, 146, 132, 1, 34.25%, 0, 0, 4, 216.79, 40677, 936
199, 0, 130, 146, 132, 1, 34.25%, 0, 0, 4, 227.33, 41877, 936
204, 0, 130, 148, 134, 1, 34.28%, 0, 0, 4, 222.22, 42989, 937
209, 0, 134, 148, 133, 7, 34.28%, 0, 0, 4, 209.80, 44081, 937
214, 0, 142, 149, 133, 6, 34.69%, 0, 0, 4, 173.99, 44832, 948
219, 0, 148, 149, 130, 4, 34.69%, 0, 0, 4, 207.02, 45853, 948
224, 0, 138, 149, 129, 3, 34.69%, 0, 0, 4, 155.70, 46540, 948
229, 0, 137, 149, 127, 1, 34.69%, 0, 0, 4, 166.86, 47396, 948
234, 0, 4, 150, 127, 0, 34.69%, 0, 0, 4, 287.54, 48831, 948
239, 0, 134, 152, 129, 0, 34.69%, 0, 0, 4, 301.47, 50458, 948
292, 0, 74, 152, 129, 0, 34.69%, 0, 0, 4, 0.10, 51223, 948
298, 0, 133, 152, 128, 0, 34.69%, 0, 0, 4, 211.17, 52301, 948
344, 0, 74, 152, 128, 0, 34.69%, 0, 0, 4, 0.12, 53216, 948
349, 0, 154, 155, 131, 1, 34.69%, 0, 0, 4, 284.86, 54615, 948
354, 0, 74, 156, 131, 0, 34.69%, 0, 0, 4, 305.14, 56073, 948
359, 0, 148, 157, 132, 0, 34.72%, 0, 0, 5, 257.72, 57423, 949
364, 0, 157, 158, 132, 1, 34.80%, 0, 0, 5, 164.24, 58196, 951
369, 0, 158, 160, 133, 1, 34.80%, 0, 0, 5, 206.09, 59427, 951
374, 0, 74, 160, 132, 0, 34.80%, 0, 0, 5, 272.39, 60860, 951
379, 0, 74, 161, 133, 0, 34.83%, 0, 0, 5, 297.10, 62419, 952
385, 0, 137, 162, 133, 0, 34.83%, 0, 0, 5, 299.92, 63964, 952
390, 0, 162, 166, 137, 1, 34.98%, 0, 0, 6, 254.51, 65305, 956
395, 0, 74, 166, 136, 0, 34.98%, 0, 0, 6, 313.54, 66775, 956
400, 0, 4, 166, 136, 0, 34.98%, 0, 0, 6, 312.16, 68272, 956
405, 0, 166, 169, 139, 1, 35.02%, 0, 0, 6, 214.58, 69280, 957
410, 0, 88, 170, 139, 0, 35.35%, 0, 0, 6, 291.15, 70762, 966
415, 0, 4, 171, 139, 1, 35.57%, 0, 0, 6, 243.07, 71778, 972
420, 0, 170, 171, 138, 1, 35.57%, 0, 0, 6, 178.62, 72695, 972
425, 0, 74, 172, 138, 0, 35.57%, 0, 0, 6, 310.32, 74376, 972
430, 0, 4, 173, 139, 0, 35.57%, 0, 0, 6, 313.26, 75868, 972
436, 1, 74, 174, 140, 0, 35.57%, 0, 0, 6, 381.46, 77795, 972
441, 1, 4, 174, 140, 0, 35.57%, 0, 0, 6, 333.65, 79376, 972
446, 1, 74, 175, 141, 0, 35.57%, 0, 0, 6, 337.24, 81083, 972
451, 1, 74, 178, 144, 0, 35.57%, 0, 0, 6, 334.53, 82751, 972
456, 1, 74, 179, 144, 0, 35.75%, 0, 0, 6, 207.80, 83647, 977
461, 1, 4, 179, 143, 0, 35.75%, 0, 0, 6, 198.45, 84548, 977
466, 1, 143, 179, 143, 0, 35.75%, 0, 0, 6, 271.80, 86101, 977
471, 1, 166, 182, 146, 0, 35.75%, 0, 0, 6, 260.27, 87498, 977
476, 1, 74, 182, 146, 0, 35.75%, 0, 0, 6, 306.60, 89113, 977
481, 1, 74, 183, 146, 0, 35.75%, 0, 0, 6, 324.17, 90667, 977
486, 1, 116, 183, 146, 0, 35.75%, 0, 0, 6, 192.56, 91535, 977
491, 1, 4, 184, 146, 0, 35.75%, 0, 0, 6, 272.72, 92809, 977
496, 1, 4, 187, 149, 0, 35.75%, 0, 0, 6, 312.75, 94467, 977
502, 1, 36, 188, 150, 0, 35.75%, 0, 0, 6, 255.92, 95797, 977
507, 1, 98, 188, 149, 0, 35.75%, 0, 0, 6, 190.56, 96668, 977
512, 1, 188, 189, 149, 1, 35.75%, 0, 0, 6, 207.99, 97880, 977
517, 1, 74, 191, 150, 0, 35.75%, 0, 0, 6, 289.46, 99438, 977
522, 1, 158, 193, 152, 0, 35.75%, 0, 0, 6, 296.46, 100945, 977
527, 1, 192, 193, 152, 0, 35.75%, 0, 0, 6, 238.46, 102228, 977
532, 1, 4, 194, 152, 0, 35.75%, 0, 0, 6, 248.71, 103335, 977
537, 1, 74, 195, 153, 0, 35.75%, 0, 0, 6, 322.15, 105123, 977
542, 1, 90, 196, 154, 0, 35.75%, 0, 0, 6, 283.73, 106571, 977
547, 1, 74, 196, 153, 0, 35.75%, 0, 0, 6, 303.96, 107929, 977
552, 1, 74, 199, 156, 0, 35.75%, 0, 0, 6, 341.36, 109660, 977
557, 1, 170, 199, 156, 0, 35.75%, 0, 0, 6, 260.14, 110884, 977
562, 1, 4, 200, 157, 0, 35.75%, 0, 0, 6, 339.83, 112640, 977
568, 1, 188, 200, 157, 0, 35.75%, 0, 0, 6, 280.13, 114145, 977
573, 1, 201, 202, 159, 2, 35.97%, 0, 0, 6, 172.08, 114950, 983
578, 1, 200, 202, 158, 1, 35.97%, 0, 0, 6, 181.30, 115864, 983
583, 1, 74, 202, 157, 0, 35.97%, 0, 0, 6, 270.23, 117338, 983
588, 1, 74, 202, 157, 0, 35.97%, 0, 0, 6, 334.61, 119130, 983
593, 1, 74, 206, 161, 0, 35.97%, 0, 0, 6, 313.31, 120741, 983
598, 1, 188, 208, 163, 0, 36.33%, 0, 0, 6, 269.18, 122129, 993
603, 1, 74, 209, 163, 0, 36.33%, 0, 0, 6, 199.60, 122953, 993
608, 1, 160, 211, 164, 0, 36.33%, 0, 0, 6, 238.17, 124209, 993
613, 1, 74, 211, 164, 0, 36.33%, 0, 0, 6, 293.61, 125731, 993
618, 1, 4, 211, 164, 0, 36.33%, 0, 0, 6, 347.32, 127522, 993
623, 1, 74, 212, 165, 0, 36.33%, 0, 0, 6, 324.03, 129195, 993
628, 1, 74, 213, 166, 0, 36.33%, 0, 0, 6, 305.70, 130758, 993
634, 1, 142, 223, 176, 0, 36.33%, 0, 0, 6, 203.06, 131717, 993
639, 1, 142, 229, 182, 0, 36.41%, 0, 0, 6, 167.28, 132505, 995
644, 1, 224, 230, 183, 1, 36.41%, 0, 0, 6, 150.17, 133291, 995
649, 1, 4, 231, 183, 0, 36.41%, 0, 0, 6, 256.07, 134626, 995
654, 1, 231, 232, 184, 1, 36.55%, 0, 0, 7, 206.13, 135656, 999
659, 1, 158, 233, 184, 0, 36.55%, 0, 0, 7, 235.60, 136770, 999
664, 1, 70, 233, 184, 0, 36.55%, 0, 0, 7, 259.28, 138187, 999
669, 1, 4, 233, 184, 0, 36.55%, 0, 0, 7, 300.78, 139650, 999
674, 1, 76, 233, 184, 0, 36.55%, 0, 0, 7, 214.95, 140682, 999
679, 1, 188, 234, 184, 0, 36.55%, 0, 0, 7, 229.70, 141882, 999
685, 1, 234, 235, 185, 1, 36.81%, 0, 0, 7, 189.81, 142943, 1006
690, 1, 188, 236, 185, 0, 36.81%, 0, 0, 7, 215.56, 143978, 1006
695, 2, 74, 239, 188, 0, 36.81%, 0, 0, 7, 288.36, 145499, 1006
700, 2, 74, 242, 191, 0, 36.81%, 0, 0, 7, 252.27, 146733, 1006
705, 2, 74, 246, 195, 0, 36.81%, 0, 0, 7, 265.45, 148105, 1006
710, 2, 188, 256, 205, 0, 36.81%, 0, 0, 7, 215.86, 149147, 1006
715, 2, 188, 265, 214, 0, 36.81%, 0, 0, 7, 162.05, 149891, 1006
720, 2, 188, 273, 222, 0, 36.81%, 0, 0, 7, 149.27, 150642, 1006
725, 2, 246, 276, 225, 0, 36.81%, 0, 0, 7, 221.23, 151788, 1006
730, 2, 246, 276, 225, 0, 36.81%, 0, 0, 7, 144.72, 152428, 1006
735, 2, 246, 276, 225, 0, 36.81%, 0, 0, 7, 127.04, 153044, 1006
740, 2, 246, 278, 227, 0, 36.81%, 0, 0, 7, 150.32, 153784, 1006
745, 2, 74, 279, 227, 0, 36.81%, 0, 0, 7, 257.10, 155226, 1006
750, 2, 4, 280, 228, 0, 36.81%, 0, 0, 7, 292.50, 156720, 1006
756, 2, 209, 282, 230, 0, 36.81%, 0, 0, 7, 227.75, 157978, 1006
761, 2, 209, 288, 236, 0, 36.81%, 0, 0, 7, 179.18, 158825, 1006
766, 2, 209, 295, 243, 0, 36.81%, 0, 0, 7, 140.36, 159482, 1006
771, 2, 209, 297, 245, 0, 36.81%, 0, 0, 7, 129.11, 160116, 1006
776, 2, 74, 299, 246, 0, 36.81%, 0, 0, 7, 220.28, 161189, 1006
781, 2, 133, 306, 253, 0, 36.81%, 0, 0, 7, 238.28, 162492, 1006
786, 2, 133, 320, 267, 0, 37.29%, 0, 0, 7, 154.38, 163155, 1019
791, 2, 133, 323, 270, 0, 37.29%, 0, 0, 7, 132.24, 163819, 1019
796, 2, 311, 326, 273, 3, 37.29%, 0, 0, 7, 130.52, 164477, 1019
801, 2, 311, 326, 273, 3, 37.29%, 0, 0, 7, 124.11, 165087, 1019
806, 2, 308, 326, 272, 2, 37.29%, 0, 0, 7, 132.82, 165784, 1019
811, 2, 308, 326, 272, 2, 37.29%, 0, 0, 7, 122.81, 166412, 1019
817, 2, 308, 331, 277, 2, 37.29%, 0, 0, 7, 128.82, 167072, 1019
822, 2, 308, 335, 281, 2, 37.29%, 0, 0, 7, 128.77, 167742, 1019
827, 2, 308, 338, 284, 2, 37.43%, 0, 0, 7, 129.09, 168400, 1023
832, 2, 308, 342, 288, 2, 37.43%, 0, 0, 7, 130.49, 169052, 1023
837, 2, 308, 343, 289, 2, 37.43%, 0, 0, 7, 127.37, 169702, 1023
842, 2, 308, 345, 291, 2, 37.43%, 0, 0, 7, 123.22, 170320, 1023
847, 2, 308, 346, 292, 2, 37.43%, 0, 0, 7, 128.05, 170964, 1023
852, 2, 308, 347, 293, 2, 37.58%, 0, 0, 7, 129.55, 171638, 1027
857, 2, 308, 348, 294, 2, 37.58%, 0, 0, 7, 128.60, 172302, 1027
863, 2, 308, 351, 297, 2, 37.72%, 0, 0, 7, 124.15, 172930, 1031
868, 2, 308, 352, 298, 2, 37.87%, 0, 0, 7, 125.73, 173584, 1035
873, 2, 308, 352, 298, 2, 37.87%, 0, 0, 7, 124.44, 174232, 1035
878, 2, 308, 354, 300, 2, 37.87%, 0, 0, 7, 129.30, 174882, 1035
883, 2, 308, 354, 300, 2, 37.87%, 0, 0, 7, 129.25, 175524, 1035
888, 2, 308, 354, 300, 2, 37.87%, 0, 0, 7, 127.89, 176186, 1035
893, 2, 308, 356, 302, 2, 38.02%, 0, 0, 7, 129.60, 176868, 1039
899, 2, 308, 357, 303, 2, 38.02%, 0, 0, 7, 127.56, 177524, 1039
904, 2, 308, 357, 303, 2, 38.02%, 0, 0, 7, 129.82, 178202, 1039
909, 2, 308, 359, 305, 2, 38.02%, 0, 0, 7, 129.16, 178866, 1039
914, 2, 308, 361, 307, 2, 38.02%, 0, 0, 7, 127.17, 179504, 1039
919, 2, 308, 362, 308, 2, 38.02%, 0, 0, 7, 168.38, 180369, 1039
924, 2, 361, 363, 308, 9, 38.02%, 0, 0, 7, 141.60, 181084, 1039
929, 2, 329, 363, 307, 8, 38.02%, 0, 0, 7, 137.18, 181830, 1039
934, 2, 329, 363, 307, 8, 38.02%, 0, 0, 7, 126.32, 182450, 1039
940, 2, 329, 364, 308, 8, 38.02%, 0, 0, 7, 130.28, 183125, 1039
945, 2, 329, 364, 308, 8, 38.02%, 0, 0, 7, 185.26, 184063, 1039
950, 2, 362, 364, 307, 7, 38.02%, 0, 0, 7, 139.86, 184729, 1039
955, 2, 362, 364, 307, 7, 38.02%, 0, 0, 7, 136.06, 185376, 1039
960, 2, 362, 366, 309, 7, 38.16%, 1, 0, 7, 148.44, 186184, 1043
965, 2, 364, 366, 308, 7, 38.16%, 1, 0, 7, 161.34, 187074, 1043
970, 2, 364, 366, 308, 7, 38.16%, 1, 0, 7, 131.88, 187720, 1043
975, 2, 355, 366, 307, 6, 38.16%, 1, 0, 7, 121.24, 188318, 1043
980, 2, 355, 366, 307, 6, 38.16%, 1, 0, 7, 122.00, 188928, 1043
985, 2, 355, 367, 308, 6, 38.16%, 1, 0, 7, 125.09, 189559, 1043
990, 2, 355, 368, 309, 6, 38.16%, 1, 0, 7, 129.12, 190219, 1043
995, 2, 355, 369, 310, 6, 38.16%, 1, 0, 7, 128.95, 190865, 1043
1001, 2, 355, 369, 310, 6, 38.16%, 1, 0, 7, 129.56, 191539, 1043
1006, 2, 355, 371, 312, 6, 38.16%, 1, 0, 7, 129.41, 192189, 1043
1011, 2, 355, 372, 313, 6, 38.16%, 2, 0, 7, 126.63, 192843, 1043
1016, 2, 355, 372, 313, 6, 38.16%, 2, 0, 7, 128.23, 193517, 1043
1021, 2, 355, 373, 314, 6, 38.16%, 2, 0, 7, 130.41, 194195, 1043
1026, 2, 355, 375, 316, 6, 38.16%, 2, 0, 7, 131.27, 194853, 1043
1031, 2, 355, 376, 317, 6, 38.16%, 2, 0, 7, 130.15, 195511, 1043
1037, 2, 355, 376, 317, 6, 38.16%, 2, 0, 7, 131.71, 196195, 1043
1042, 2, 355, 376, 317, 6, 38.16%, 2, 0, 7, 130.21, 196845, 1043
1047, 2, 355, 376, 317, 6, 38.16%, 2, 0, 7, 127.38, 197505, 1043
1052, 2, 355, 377, 318, 6, 38.16%, 2, 0, 7, 126.63, 198165, 1043
1057, 2, 355, 377, 318, 6, 38.16%, 2, 0, 7, 131.38, 198851, 1043
1062, 2, 355, 377, 318, 6, 38.16%, 2, 0, 7, 130.81, 199501, 1043
1067, 2, 355, 377, 318, 6, 38.16%, 2, 0, 7, 131.57, 200163, 1043
1072, 2, 355, 378, 319, 6, 38.16%, 2, 0, 7, 130.85, 200845, 1043
1078, 2, 355, 378, 319, 6, 38.16%, 2, 0, 7, 121.25, 201481, 1043
1083, 2, 355, 378, 319, 6, 38.16%, 2, 0, 7, 124.91, 202133, 1043
1088, 2, 370, 378, 318, 6, 38.16%, 2, 0, 7, 157.78, 203092, 1043
1093, 2, 370, 378, 318, 6, 38.16%, 2, 0, 7, 126.14, 203695, 1043
1098, 2, 336, 378, 317, 5, 38.16%, 2, 0, 7, 136.76, 204395, 1043
1103, 2, 336, 378, 317, 5, 38.16%, 2, 0, 7, 123.21, 205017, 1043
1108, 2, 336, 378, 317, 5, 38.16%, 2, 0, 7, 119.85, 205633, 1043
1114, 2, 336, 378, 317, 5, 38.16%, 2, 0, 7, 117.12, 206230, 1043
1119, 2, 336, 380, 319, 5, 38.16%, 2, 0, 7, 132.85, 206935, 1043
1124, 2, 354, 380, 318, 4, 38.16%, 2, 0, 7, 141.82, 207696, 1043
1129, 2, 354, 380, 318, 4, 38.16%, 2, 0, 7, 125.67, 208306, 1043
1134, 2, 348, 381, 318, 3, 38.16%, 2, 0, 7, 156.24, 209120, 1043
1139, 2, 348, 381, 318, 3, 38.16%, 2, 0, 7, 126.87, 209715, 1043
1144, 2, 348, 382, 319, 3, 38.16%, 2, 0, 7, 127.76, 210356, 1043
1149, 2, 381, 382, 318, 3, 38.16%, 2, 0, 7, 144.24, 211119, 1043
1154, 2, 381, 382, 318, 3, 38.16%, 2, 0, 7, 127.96, 211737, 1043
1159, 2, 381, 382, 318, 3, 38.16%, 2, 0, 7, 124.03, 212377, 1043
1165, 2, 378, 382, 317, 2, 38.16%, 2, 0, 7, 143.10, 213112, 1043
1170, 2, 378, 382, 317, 2, 38.16%, 2, 0, 7, 129.03, 213738, 1043
1175, 2, 378, 382, 317, 2, 38.16%, 2, 0, 7, 125.03, 214358, 1043
1180, 2, 378, 382, 317, 2, 38.16%, 2, 0, 7, 154.99, 215136, 1043
1185, 2, 346, 383, 317, 1, 38.16%, 2, 0, 7, 141.69, 215873, 1043
1190, 2, 346, 383, 317, 1, 38.16%, 2, 0, 7, 127.44, 216517, 1043
1195, 2, 346, 383, 317, 1, 38.16%, 2, 0, 7, 150.78, 217268, 1043
1200, 2, 74, 385, 318, 0, 38.16%, 3, 0, 7, 237.36, 218572, 1043
1205, 2, 381, 386, 319, 0, 38.16%, 3, 0, 7, 183.50, 219450, 1043
1210, 2, 74, 386, 318, 0, 38.16%, 3, 0, 7, 222.79, 220695, 1043
1216, 2, 4, 390, 322, 0, 38.16%, 4, 0, 7, 220.37, 221860, 1043
1221, 2, 188, 390, 322, 0, 38.16%, 4, 0, 7, 235.32, 223127, 1043
1226, 2, 188, 390, 322, 0, 38.16%, 4, 0, 7, 234.01, 224308, 1043
1231, 2, 336, 390, 322, 0, 38.16%, 4, 0, 7, 196.93, 225345, 1043
1236, 2, 4, 390, 322, 0, 38.16%, 4, 0, 7, 228.91, 226545, 1043
1241, 2, 361, 393, 325, 0, 38.16%, 4, 0, 7, 227.35, 227794, 1043
1246, 2, 188, 394, 326, 0, 38.16%, 4, 0, 7, 206.15, 228787, 1043
1251, 2, 74, 394, 326, 0, 38.16%, 4, 0, 7, 241.03, 229971, 1043
1256, 2, 148, 394, 326, 0, 38.16%, 4, 0, 7, 268.72, 231323, 1043
1261, 2, 231, 395, 327, 0, 38.16%, 4, 0, 7, 212.28, 232279, 1043
1266, 2, 188, 395, 327, 0, 38.16%, 4, 0, 7, 223.68, 233476, 1043
1271, 2, 74, 395, 327, 0, 38.16%, 4, 0, 7, 218.29, 234590, 1043
1277, 2, 4, 395, 327, 0, 38.16%, 4, 0, 7, 251.29, 235916, 1043
1282, 2, 74, 396, 328, 0, 38.16%, 4, 0, 7, 256.24, 237198, 1043
1287, 2, 396, 398, 330, 1, 38.20%, 4, 0, 7, 166.58, 238001, 1044
1292, 2, 74, 399, 330, 0, 38.20%, 4, 0, 7, 182.86, 238861, 1044
1297, 2, 48, 400, 331, 0, 38.20%, 4, 0, 8, 204.23, 239914, 1044
1302, 2, 74, 400, 330, 0, 38.20%, 4, 0, 8, 226.07, 240945, 1044
1307, 2, 70, 400, 330, 0, 38.20%, 4, 0, 8, 233.13, 242165, 1044
1312, 2, 244, 400, 330, 0, 38.20%, 4, 0, 8, 216.51, 243331, 1044
1317, 2, 244, 400, 330, 0, 38.20%, 4, 0, 8, 144.91, 243983, 1044
1322, 2, 74, 400, 329, 0, 38.20%, 4, 0, 8, 216.84, 245130, 1044
1327, 2, 4, 401, 330, 0, 38.20%, 4, 0, 8, 250.33, 246477, 1044
1333, 2, 158, 402, 331, 0, 38.20%, 4, 0, 8, 212.62, 247447, 1044
1338, 2, 188, 402, 331, 0, 38.20%, 4, 0, 8, 216.15, 248602, 1044
1343, 2, 4, 402, 331, 0, 38.20%, 4, 0, 8, 256.13, 249856, 1044
1348, 2, 74, 403, 332, 0, 38.20%, 4, 0, 8, 231.02, 250971, 1044
1353, 2, 188, 403, 332, 0, 38.20%, 4, 0, 8, 243.33, 252259, 1044
1358, 2, 329, 403, 332, 0, 38.20%, 4, 0, 8, 193.75, 253235, 1044
1363, 2, 74, 403, 332, 0, 38.20%, 4, 0, 8, 243.41, 254498, 1044
1368, 2, 189, 403, 332, 0, 38.20%, 4, 0, 8, 243.51, 255716, 1044
1373, 2, 4, 404, 332, 0, 38.20%, 4, 0, 8, 188.57, 256515, 1044
1378, 2, 381, 404, 332, 0, 38.20%, 4, 0, 8, 188.57, 257549, 1044
1434, 2, 74, 406, 334, 0, 38.20%, 4, 0, 8, 0.02, 258344, 1044
1439, 2, 74, 406, 334, 0, 38.20%, 4, 0, 8, 206.09, 259469, 1044
1496, 2, 74, 406, 334, 0, 38.20%, 4, 0, 8, 0.06, 260186, 1044
1501, 2, 4, 406, 334, 0, 38.20%, 4, 0, 8, 227.80, 261346, 1044
1556, 2, 74, 406, 334, 0, 38.20%, 4, 0, 8, 0.02, 262018, 1044
1561, 2, 74, 406, 334, 0, 38.20%, 4, 0, 8, 232.47, 263228, 1044
1612, 2, 74, 407, 335, 0, 38.20%, 4, 0, 8, 0.02, 264017, 1044
1618, 2, 74, 407, 335, 0, 38.20%, 4, 0, 8, 231.08, 265230, 1044
1676, 2, 74, 407, 335, 0, 38.20%, 4, 0, 8, 0.02, 265945, 1044
1681, 2, 264, 407, 335, 0, 38.20%, 4, 0, 8, 249.87, 266949, 1044
1734, 2, 264, 407, 335, 0, 38.20%, 4, 0, 8, 0.06, 267386, 1044
1739, 2, 264, 407, 335, 0, 38.20%, 4, 0, 8, 118.47, 267991, 1044
1793, 2, 264, 407, 335, 0, 38.20%, 4, 0, 8, 0.04, 268347, 1044
1798, 2, 74, 407, 334, 0, 38.20%, 4, 0, 8, 201.27, 269398, 1044
1800, 2, 74, 408, 335, 0, 38.20%, 4, 0, 8, 212.23, 269793, 1044
