# relative_time, cycles_done, cur_item, corpus_count, pending_total, pending_favs, map_size, saved_crashes, saved_hangs, max_depth, execs_per_sec, total_execs, edges_found
61, 0, 41, 66, 58, 1, 2.95%, 0, 0, 3, 158.37, 10170, 933
66, 0, 8, 76, 67, 0, 2.95%, 0, 0, 3, 209.94, 11324, 933
71, 0, 8, 82, 73, 0, 2.95%, 0, 0, 3, 171.87, 12152, 933
76, 0, 8, 85, 76, 0, 3.11%, 0, 0, 3, 200.64, 13131, 984
81, 0, 84, 88, 77, 0, 3.20%, 0, 0, 4, 188.73, 14084, 1010
86, 0, 84, 92, 81, 0, 3.20%, 0, 0, 4, 274.06, 15545, 1010
91, 0, 3, 102, 91, 0, 3.38%, 0, 0, 4, 225.32, 16687, 1069
96, 0, 3, 105, 94, 0, 3.47%, 0, 0, 4, 185.25, 17563, 1095
102, 0, 94, 107, 96, 5, 3.47%, 0, 0, 4, 157.48, 18373, 1095
107, 0, 108, 109, 96, 4, 3.51%, 0, 0, 4, 157.44, 19129, 1108
112, 0, 99, 110, 96, 3, 3.51%, 0, 0, 4, 135.66, 19749, 1108
117, 0, 100, 110, 94, 1, 3.51%, 0, 0, 4, 156.45, 20585, 1108
122, 0, 84, 111, 94, 0, 3.51%, 0, 0, 4, 239.90, 21758, 1108
127, 0, 112, 114, 96, 1, 3.79%, 0, 0, 4, 168.45, 22632, 1197
132, 0, 112, 119, 101, 1, 3.88%, 0, 0, 5, 186.58, 23533, 1225
137, 0, 112, 120, 102, 1, 3.88%, 0, 0, 5, 195.28, 24544, 1225
142, 0, 112, 123, 105, 1, 3.88%, 0, 0, 5, 203.65, 25595, 1225
147, 0, 112, 125, 107, 1, 3.97%, 0, 0, 5, 200.02, 26631, 1255
152, 0, 112, 125, 107, 1, 3.97%, 0, 0, 5, 212.76, 27703, 1255
157, 0, 112, 127, 109, 1, 3.97%, 0, 0, 5, 214.19, 28823, 1255
162, 0, 120, 127, 108, 6, 3.97%, 0, 0, 5, 180.19, 29810, 1255
168, 0, 119, 127, 106, 4, 3.97%, 0, 0, 5, 162.06, 30557, 1255
173, 0, 127, 128, 106, 4, 4.02%, 0, 0, 6, 150.04, 31362, 1270
178, 0, 114, 128, 104, 2, 4.02%, 0, 0, 6, 154.79, 32128, 1270
183, 0, 117, 129, 104, 1, 4.02%, 0, 0, 6, 142.59, 32872, 1270
188, 0, 84, 134, 108, 0, 4.02%, 0, 0, 6, 233.92, 34193, 1270
240, 0, 4, 134, 108, 0, 4.02%, 0, 0, 6, 0.08, 34445, 1270
245, 0, 136, 137, 110, 1, 4.06%, 0, 0, 6, 139.84, 35149, 1282
301, 0, 124, 140, 112, 0, 4.06%, 0, 0, 6, 0.02, 35751, 1282
306, 0, 3, 141, 113, 0, 4.06%, 0, 0, 6, 243.08, 37065, 1282
361, 0, 134, 148, 120, 0, 4.26%, 0, 0, 6, 0.08, 37617, 1347
366, 0, 134, 150, 122, 0, 4.26%, 0, 0, 6, 138.63, 38366, 1347
421, 0, 134, 154, 126, 0, 4.35%, 0, 0, 6, 0.04, 38789, 1374
426, 0, 155, 156, 128, 4, 4.36%, 0, 0, 6, 136.32, 39525, 1376
481, 0, 147, 156, 127, 3, 4.36%, 0, 0, 6, 0.04, 39842, 1376
486, 0, 147, 161, 132, 3, 4.42%, 0, 0, 6, 164.12, 40665, 1395
541, 0, 147, 161, 132, 3, 4.42%, 0, 0, 6, 0.06, 41259, 1395
546, 0, 147, 164, 135, 3, 4.42%, 0, 0, 6, 225.57, 42405, 1395
551, 0, 147, 165, 136, 3, 4.45%, 0, 0, 6, 235.95, 43592, 1407
556, 0, 147, 167, 138, 3, 4.45%, 0, 0, 6, 228.11, 44756, 1407
561, 0, 147, 169, 140, 3, 4.57%, 0, 0, 6, 217.78, 45868, 1443
566, 0, 152, 171, 141, 8, 4.57%, 0, 0, 6, 214.49, 46988, 1443
571, 0, 152, 172, 142, 8, 4.57%, 0, 0, 6, 166.35, 47707, 1443
576, 0, 146, 173, 141, 7, 4.57%, 0, 0, 6, 131.39, 48364, 1443
581, 0, 173, 174, 141, 7, 4.62%, 0, 0, 6, 163.85, 49165, 1458
586, 0, 160, 174, 140, 6, 4.62%, 0, 0, 6, 129.51, 49772, 1458
591, 0, 168, 175, 140, 5, 4.62%, 0, 0, 6, 147.42, 50557, 1458
596, 0, 176, 179, 143, 5, 4.63%, 0, 0, 6, 160.92, 51352, 1462
602, 0, 164, 179, 142, 4, 4.63%, 0, 0, 6, 144.42, 52028, 1462
607, 0, 167, 183, 145, 4, 4.73%, 0, 0, 6, 162.43, 52850, 1493
612, 0, 157, 184, 144, 2, 4.73%, 0, 0, 6, 151.42, 53573, 1493
617, 0, 179, 184, 143, 1, 4.73%, 0, 0, 6, 155.39, 54319, 1493
622, 0, 97, 186, 144, 0, 4.73%, 0, 0, 6, 189.83, 55230, 1493
627, 0, 4, 188, 146, 0, 4.73%, 0, 0, 6, 233.42, 56512, 1493
632, 0, 4, 195, 153, 0, 4.73%, 0, 0, 6, 239.02, 57776, 1493
638, 0, 84, 197, 155, 0, 4.73%, 0, 0, 6, 245.81, 59123, 1493
643, 0, 3, 199, 157, 0, 4.73%, 0, 0, 6, 245.50, 60348, 1493
648, 0, 4, 199, 157, 0, 4.73%, 0, 0, 6, 277.81, 61773, 1493
653, 0, 202, 204, 162, 1, 4.80%, 0, 0, 6, 206.83, 62875, 1516
658, 0, 117, 208, 165, 0, 4.93%, 0, 0, 6, 167.27, 63618, 1558
663, 0, 206, 208, 164, 1, 4.93%, 0, 0, 6, 143.00, 64284, 1558
668, 0, 84, 210, 165, 0, 4.93%, 0, 0, 7, 191.67, 65182, 1558
673, 0, 3, 215, 170, 0, 4.93%, 0, 0, 7, 223.48, 66357, 1558
679, 0, 202, 221, 176, 0, 5.03%, 0, 0, 7, 189.04, 67322, 1589
684, 0, 202, 222, 177, 0, 5.04%, 0, 0, 7, 180.59, 68234, 1593
689, 0, 202, 225, 180, 0, 5.11%, 0, 0, 7, 174.27, 69116, 1613
694, 0, 202, 226, 181, 0, 5.11%, 0, 0, 7, 173.78, 69986, 1613
699, 0, 202, 227, 182, 0, 5.14%, 0, 0, 7, 169.62, 70847, 1625
704, 0, 202, 227, 182, 0, 5.14%, 0, 0, 7, 177.88, 71756, 1625
709, 0, 202, 228, 183, 0, 5.14%, 0, 0, 7, 181.88, 72674, 1625
714, 0, 224, 229, 184, 6, 5.14%, 0, 0, 7, 157.84, 73488, 1625
719, 0, 222, 229, 183, 5, 5.14%, 0, 0, 7, 128.79, 74094, 1625
724, 0, 216, 229, 182, 4, 5.14%, 0, 0, 7, 132.89, 74840, 1625
729, 0, 217, 231, 183, 3, 5.14%, 0, 0, 7, 129.94, 75553, 1625
735, 0, 228, 234, 185, 2, 5.14%, 0, 0, 7, 157.69, 76441, 1625
740, 0, 226, 234, 184, 1, 5.14%, 0, 0, 7, 145.88, 77202, 1625
745, 0, 234, 236, 185, 1, 5.17%, 0, 0, 7, 156.23, 78054, 1633
750, 0, 155, 239, 187, 0, 5.17%, 0, 0, 7, 171.82, 78967, 1633
755, 0, 86, 241, 189, 0, 5.17%, 0, 0, 7, 219.12, 80121, 1633
760, 0, 242, 243, 191, 1, 5.19%, 0, 0, 7, 211.11, 81246, 1641
765, 0, 84, 243, 190, 0, 5.19%, 0, 0, 7, 192.51, 82097, 1641
770, 0, 84, 245, 192, 0, 5.19%, 0, 0, 7, 247.98, 83423, 1641
775, 0, 123, 246, 193, 0, 5.19%, 0, 0, 7, 265.51, 84778, 1641
780, 0, 84, 246, 193, 0, 5.19%, 0, 0, 7, 260.31, 86066, 1641
785, 0, 247, 248, 195, 1, 5.36%, 0, 0, 7, 193.46, 87067, 1693
790, 0, 146, 248, 193, 0, 5.36%, 0, 0, 7, 175.15, 87908, 1693
796, 0, 168, 254, 199, 0, 5.60%, 0, 0, 7, 225.46, 89211, 1768
801, 0, 168, 260, 205, 0, 5.68%, 0, 0, 7, 181.01, 90061, 1795
806, 0, 259, 260, 204, 3, 5.68%, 0, 0, 7, 132.13, 90669, 1795
811, 0, 254, 260, 203, 2, 5.68%, 0, 0, 7, 141.10, 91386, 1795
816, 0, 254, 263, 206, 2, 5.68%, 0, 0, 7, 141.13, 92063, 1795
821, 0, 254, 264, 207, 2, 5.71%, 0, 0, 7, 147.77, 92805, 1804
826, 0, 254, 266, 209, 2, 5.71%, 0, 0, 7, 144.30, 93580, 1804
831, 0, 254, 267, 210, 2, 5.71%, 0, 0, 7, 146.32, 94345, 1804
836, 0, 254, 267, 210, 2, 5.71%, 0, 0, 7, 149.23, 95105, 1804
841, 0, 254, 268, 211, 2, 5.71%, 0, 0, 7, 153.14, 95892, 1804
847, 0, 254, 268, 211, 2, 5.71%, 0, 0, 7, 152.33, 96669, 1804
852, 0, 254, 269, 212, 2, 5.71%, 0, 0, 7, 143.37, 97387, 1804
857, 0, 254, 272, 215, 2, 5.93%, 0, 0, 7, 147.72, 98137, 1872
862, 0, 269, 274, 216, 5, 5.95%, 0, 0, 7, 134.39, 98865, 1879
867, 0, 263, 275, 215, 4, 5.96%, 0, 0, 8, 160.39, 99636, 1884
872, 0, 274, 276, 215, 3, 5.96%, 0, 0, 8, 148.87, 100372, 1884
877, 0, 271, 277, 215, 2, 5.96%, 0, 0, 8, 144.55, 101046, 1884
882, 0, 264, 278, 214, 1, 6.03%, 0, 0, 8, 129.26, 101706, 1904
887, 0, 264, 283, 219, 1, 6.04%, 0, 0, 8, 132.76, 102372, 1908
892, 0, 264, 290, 226, 1, 6.04%, 0, 0, 8, 144.82, 103116, 1908
898, 0, 264, 292, 228, 1, 6.04%, 0, 0, 8, 147.50, 103874, 1908
903, 0, 264, 293, 229, 1, 6.04%, 0, 0, 8, 150.16, 104662, 1908
908, 0, 264, 294, 230, 1, 6.04%, 0, 0, 8, 147.93, 105408, 1908
960, 0, 264, 294, 230, 1, 6.04%, 0, 0, 8, 0.06, 105646, 1908
965, 0, 264, 294, 230, 1, 6.04%, 0, 0, 8, 149.67, 106402, 1908
1020, 0, 264, 294, 230, 1, 6.04%, 0, 0, 8, 0.04, 106866, 1908
1025, 0, 264, 294, 230, 1, 6.04%, 0, 0, 8, 152.19, 107629, 1908
1065, 0, 264, 294, 230, 1, 6.04%, 0, 0, 8, 0.05, 108086, 1908
1070, 0, 281, 296, 231, 2, 6.04%, 0, 0, 8, 167.42, 108893, 1908
1075, 0, 279, 296, 230, 1, 6.04%, 0, 0, 8, 125.39, 109490, 1908
1080, 0, 279, 303, 237, 1, 6.04%, 0, 0, 9, 135.11, 110152, 1908
1085, 0, 279, 306, 240, 1, 6.05%, 0, 0, 9, 144.69, 110888, 1912
1090, 0, 279, 309, 243, 1, 6.05%, 0, 0, 9, 150.39, 111671, 1912
1095, 0, 279, 309, 243, 1, 6.05%, 0, 0, 9, 146.94, 112394, 1912
1101, 0, 279, 311, 245, 1, 6.05%, 0, 0, 9, 148.11, 113151, 1912
1106, 0, 279, 312, 246, 1, 6.21%, 0, 0, 9, 149.69, 113906, 1961
1111, 0, 279, 312, 246, 1, 6.21%, 0, 0, 9, 150.88, 114698, 1961
1116, 0, 303, 312, 245, 2, 6.21%, 0, 0, 9, 137.79, 115436, 1961
1121, 0, 311, 315, 247, 1, 6.25%, 0, 0, 10, 134.07, 116061, 1973
1126, 0, 311, 318, 250, 1, 6.32%, 0, 0, 10, 200.22, 117208, 1998
1131, 0, 311, 321, 253, 1, 6.33%, 0, 0, 10, 213.84, 118336, 1999
1136, 0, 311, 323, 255, 1, 6.33%, 0, 0, 10, 222.50, 119480, 1999
1141, 0, 311, 323, 255, 1, 6.33%, 0, 0, 10, 228.67, 120624, 1999
1146, 0, 318, 323, 254, 6, 6.33%, 0, 0, 10, 165.96, 121472, 1999
1152, 0, 317, 323, 253, 5, 6.33%, 0, 0, 10, 131.42, 122095, 1999
1157, 0, 314, 324, 253, 4, 6.33%, 0, 0, 10, 175.51, 123124, 1999
1162, 0, 313, 324, 252, 3, 6.33%, 0, 0, 10, 180.07, 123939, 1999
1167, 0, 316, 324, 251, 2, 6.33%, 0, 0, 10, 162.39, 124728, 1999
1172, 0, 315, 324, 250, 1, 6.33%, 0, 0, 10, 173.03, 125542, 1999
1177, 0, 315, 324, 250, 1, 6.33%, 0, 0, 10, 153.06, 126238, 1999
1182, 0, 325, 329, 254, 3, 6.38%, 0, 0, 11, 154.11, 127107, 2014
1201, 0, 242, 333, 257, 2, 6.42%, 0, 0, 11, 0.20, 127661, 2028
1206, 0, 329, 337, 261, 5, 6.46%, 0, 0, 11, 164.57, 128527, 2041
1260, 0, 328, 337, 260, 4, 6.46%, 0, 0, 11, 0.04, 128837, 2041
1265, 0, 326, 338, 260, 3, 6.46%, 0, 0, 11, 159.47, 129628, 2041
1320, 0, 326, 338, 260, 3, 6.46%, 0, 0, 11, 0.04, 129986, 2041
1325, 0, 335, 338, 259, 2, 6.46%, 0, 0, 11, 144.73, 130818, 2041
1380, 0, 334, 339, 259, 1, 6.46%, 0, 0, 11, 0.04, 131291, 2041
1385, 0, 179, 340, 259, 0, 6.46%, 0, 0, 11, 153.74, 132082, 2041
1441, 0, 134, 341, 260, 0, 6.46%, 0, 0, 11, 0.06, 132815, 2041
1446, 0, 157, 343, 262, 0, 6.46%, 0, 0, 11, 202.97, 133847, 2041
1484, 0, 343, 347, 266, 4, 6.72%, 0, 0, 11, 0.11, 134540, 2122
1489, 0, 346, 347, 265, 3, 6.72%, 0, 0, 11, 113.02, 135142, 2122
1494, 0, 345, 349, 266, 2, 6.72%, 0, 0, 11, 127.51, 135835, 2122
1499, 0, 349, 351, 267, 2, 6.74%, 0, 0, 11, 137.69, 136578, 2130
1505, 0, 344, 351, 266, 1, 6.74%, 0, 0, 11, 112.08, 137118, 2130
1510, 0, 351, 352, 266, 1, 6.83%, 0, 0, 11, 143.61, 137860, 2157
1515, 0, 84, 352, 265, 0, 6.83%, 0, 0, 11, 206.43, 138869, 2157
1520, 0, 86, 355, 268, 0, 6.83%, 0, 0, 11, 220.31, 139978, 2157
1525, 0, 357, 358, 271, 1, 6.85%, 0, 0, 11, 232.25, 141278, 2165
1530, 0, 259, 358, 270, 0, 6.85%, 0, 0, 11, 183.55, 142074, 2165
1535, 0, 346, 359, 271, 0, 6.85%, 0, 0, 11, 207.90, 143178, 2165
1540, 0, 359, 360, 272, 1, 6.88%, 0, 0, 11, 151.14, 143922, 2172
1545, 0, 360, 361, 272, 1, 6.89%, 0, 0, 11, 142.79, 144679, 2176
1550, 0, 361, 362, 272, 1, 6.91%, 0, 0, 11, 140.65, 145399, 2183
1556, 0, 325, 362, 271, 0, 6.91%, 0, 0, 11, 214.42, 146472, 2183
1561, 0, 364, 365, 274, 1, 7.06%, 0, 0, 11, 163.88, 147364, 2230
1566, 0, 84, 365, 273, 0, 7.06%, 0, 0, 11, 204.57, 148407, 2230
1621, 0, 113, 366, 274, 0, 7.06%, 0, 0, 11, 0.08, 149303, 2230
1626, 0, 367, 368, 276, 2, 7.13%, 0, 0, 11, 129.63, 150003, 2254
1681, 0, 44, 368, 275, 1, 7.13%, 0, 0, 11, 0.04, 150332, 2254
1686, 0, 366, 369, 275, 1, 7.13%, 0, 0, 11, 126.96, 151047, 2254
1741, 0, 369, 370, 275, 1, 7.15%, 0, 0, 11, 0.06, 151569, 2258
1746, 0, 370, 371, 275, 1, 7.20%, 0, 0, 11, 150.75, 152304, 2274
1797, 0, 370, 371, 275, 1, 7.20%, 0, 0, 11, 0.04, 152648, 2274
1803, 0, 371, 372, 275, 1, 7.22%, 0, 0, 11, 175.67, 153658, 2282
1808, 0, 269, 374, 276, 0, 7.26%, 0, 0, 11, 170.94, 154441, 2292
1813, 0, 269, 376, 278, 0, 7.42%, 0, 0, 11, 175.32, 155315, 2343
1818, 0, 269, 377, 279, 0, 7.42%, 0, 0, 11, 170.26, 156173, 2343
1823, 0, 269, 380, 282, 0, 7.42%, 0, 0, 11, 166.40, 157022, 2343
1828, 0, 269, 380, 282, 0, 7.42%, 0, 0, 11, 169.89, 157877, 2343
1830, 0, 269, 380, 282, 0, 7.42%, 0, 0, 11, 175.71, 158274, 2343
1830, 18446744073709551615, 0, 380, 380, 12, 3.57%, 0, 0, 1, 0.00, 323, 967
