30 1 2 3 4þ4 6 7 8 9 10 11 12 13þ14 15 16 17 18 19 20 21 22 23 24 25 26 27 28 29 30 31 32 33 3  35 36 371 0 3 
30 1 2 3 4 5 6  1 2 3 4 5                             6 7 14 15  5 6  1 2  6 7 8
30 1 2 7 8
30 7 48 49 50 51 52 53 84 55 20 21 22 23 24 25 26 27 28 29 30 31 32 33 34 15 16 17 18 19 20 27 42 43 44 45 7 8 9 10 14 25 26 27 27 9  55 56571 62 63 64
30 1 2 3 45 6 7 8
30 1 2 3 4 5 6 7 8
30 1 2 3 4 5 6 7 8
30 1 2 3 4 5 6 7 8
30 1 2 3 4 5 6 7 8
3036 2 3 4 5 6 7 8
30 1 2 3 4 5 6 7 8 9 (20 21 22 23 24 25 26 0 1 2 3 4 5 6 7 8
30 1 2 3 4 5 27 28 29 30 31 32 33 34 35 36 37 38 39 40 41 2 43 44 45 46 47 48 49 7 58 521 22 23 21 5 6 3 12 53 54–0 61 62  7 8
30 1 2 3 4 5 6 7 8
30 0 2 330 31 32