# relative_time, cycles_done, cur_item, corpus_count, pending_total, pending_favs, map_size, saved_crashes, saved_hangs, max_depth, execs_per_sec, total_execs, edges_found
61, 0, 2, 78, 77, 2, 33.30%, 0, 0, 2, 217.28, 13109, 871
66, 0, 2, 79, 78, 2, 33.45%, 0, 0, 2, 220.47, 14233, 875
71, 0, 58, 81, 77, 6, 33.45%, 0, 0, 2, 178.71, 15100, 875
76, 0, 11, 83, 78, 5, 33.45%, 0, 0, 3, 186.89, 16039, 875
81, 0, 78, 86, 79, 3, 33.45%, 0, 0, 3, 220.25, 17075, 875
87, 0, 14, 87, 78, 1, 33.45%, 0, 0, 3, 175.89, 17913, 875
92, 0, 4, 92, 81, 0, 33.94%, 0, 0, 3, 237.61, 19027, 888
97, 0, 78, 98, 87, 0, 33.94%, 0, 0, 3, 289.76, 20529, 888
102, 0, 4, 108, 97, 0, 33.94%, 0, 0, 3, 281.04, 21863, 888
107, 0, 109, 112, 100, 1, 34.56%, 0, 0, 3, 194.29, 22897, 904
112, 0, 78, 113, 100, 0, 34.56%, 0, 0, 3, 287.37, 24267, 904
117, 0, 4, 119, 106, 0, 34.56%, 0, 0, 3, 267.22, 25633, 904
122, 0, 78, 121, 108, 0, 34.56%, 0, 0, 3, 336.69, 27468, 904
127, 0, 78, 123, 109, 0, 34.71%, 0, 0, 3, 277.17, 28785, 908
132, 0, 124, 126, 112, 1, 34.71%, 0, 0, 3, 247.01, 30105, 908
137, 0, 78, 126, 111, 0, 34.71%, 0, 0, 3, 286.48, 31462, 908
142, 0, 3, 130, 113, 0, 34.90%, 0, 0, 3, 298.95, 32895, 913
147, 0, 78, 131, 114, 0, 34.90%, 0, 0, 3, 344.28, 34723, 913
152, 0, 78, 134, 117, 0, 34.90%, 0, 0, 3, 329.47, 36356, 913
158, 0, 4, 134, 117, 0, 34.90%, 0, 0, 3, 319.73, 37895, 913
163, 0, 134, 135, 118, 1, 35.13%, 0, 0, 3, 254.04, 39216, 919
168, 0, 78, 137, 119, 0, 35.13%, 0, 0, 4, 242.95, 40280, 919
173, 0, 78, 138, 120, 0, 35.13%, 0, 0, 4, 311.50, 42009, 919
178, 0, 78, 140, 122, 0, 35.13%, 0, 0, 4, 309.93, 43550, 919
183, 0, 78, 141, 123, 0, 35.13%, 0, 0, 4, 313.77, 45196, 919
188, 0, 4, 141, 123, 0, 35.13%, 0, 0, 4, 325.73, 46799, 919
193, 0, 4, 141, 123, 0, 35.13%, 0, 0, 4, 327.19, 48399, 919
198, 1, 4, 143, 125, 0, 35.13%, 0, 0, 4, 317.77, 49920, 919
203, 1, 4, 143, 124, 0, 35.13%, 0, 0, 4, 268.98, 51140, 919
208, 1, 40, 143, 124, 0, 35.13%, 0, 0, 4, 211.08, 52332, 919
213, 1, 3, 145, 125, 0, 35.13%, 0, 0, 4, 325.51, 53995, 919
219, 1, 78, 146, 126, 0, 35.13%, 0, 0, 4, 324.51, 55607, 919
224, 1, 114, 147, 127, 0, 35.13%, 0, 0, 4, 234.44, 56795, 919
229, 1, 4, 147, 126, 0, 35.13%, 0, 0, 4, 305.55, 58216, 919
234, 1, 35, 147, 126, 0, 35.13%, 0, 0, 4, 220.47, 59379, 919
239, 1, 78, 147, 125, 0, 35.13%, 0, 0, 4, 299.14, 60956, 919
244, 1, 149, 150, 128, 1, 35.13%, 0, 0, 4, 235.85, 62195, 919
249, 1, 129, 150, 127, 0, 35.13%, 0, 0, 4, 276.18, 63461, 919
254, 1, 78, 150, 127, 0, 35.13%, 0, 0, 4, 351.39, 65351, 919
259, 1, 78, 150, 127, 0, 35.13%, 0, 0, 4, 341.67, 67013, 919
264, 1, 78, 151, 127, 0, 35.21%, 0, 0, 4, 250.12, 68265, 921
269, 1, 4, 152, 127, 0, 35.28%, 0, 0, 4, 196.09, 69225, 923
274, 1, 78, 153, 128, 0, 35.28%, 0, 0, 4, 298.76, 70846, 923
280, 1, 78, 153, 128, 0, 35.28%, 0, 0, 4, 361.53, 72688, 923
285, 1, 78, 154, 129, 0, 35.28%, 0, 0, 4, 363.25, 74481, 923
290, 1, 91, 157, 132, 0, 35.28%, 0, 0, 4, 314.58, 76036, 923
295, 1, 4, 158, 133, 0, 35.28%, 0, 0, 4, 340.93, 77741, 923
300, 1, 78, 159, 134, 0, 35.28%, 0, 0, 4, 327.98, 79419, 923
305, 1, 4, 159, 134, 0, 35.28%, 0, 0, 4, 350.12, 81188, 923
310, 1, 78, 159, 134, 0, 35.28%, 0, 0, 4, 340.71, 82929, 923
315, 1, 61, 159, 133, 0, 35.28%, 0, 0, 4, 199.48, 83759, 923
320, 1, 78, 161, 134, 0, 35.28%, 0, 0, 4, 280.12, 85213, 923
325, 2, 4, 161, 134, 0, 35.28%, 0, 0, 4, 370.64, 87264, 923
330, 2, 4, 162, 134, 0, 35.28%, 0, 0, 4, 216.54, 88051, 923
336, 2, 78, 162, 134, 0, 35.28%, 0, 0, 4, 318.09, 89787, 923
341, 2, 78, 164, 136, 0, 35.28%, 0, 0, 4, 303.93, 91305, 923
346, 2, 78, 165, 137, 0, 35.28%, 0, 0, 4, 300.59, 92908, 923
351, 2, 78, 173, 144, 0, 35.55%, 0, 0, 4, 223.30, 93999, 930
356, 2, 78, 174, 145, 0, 35.55%, 0, 0, 4, 173.83, 94796, 930
361, 2, 116, 175, 146, 0, 35.55%, 0, 0, 4, 200.73, 95786, 930
366, 2, 78, 176, 146, 0, 35.55%, 0, 0, 4, 253.60, 96976, 930
371, 2, 96, 176, 146, 0, 35.55%, 0, 0, 4, 222.93, 98238, 930
376, 2, 4, 177, 146, 0, 35.55%, 0, 0, 4, 283.08, 99638, 930
381, 2, 78, 178, 147, 0, 35.55%, 0, 0, 4, 349.58, 101517, 930
386, 2, 78, 178, 147, 0, 35.55%, 0, 0, 4, 343.88, 103276, 930
392, 2, 34, 178, 147, 0, 35.55%, 0, 0, 4, 253.92, 104569, 930
397, 2, 182, 184, 152, 1, 35.63%, 0, 0, 4, 213.91, 105752, 932
402, 2, 78, 184, 151, 0, 35.63%, 0, 0, 4, 282.34, 107045, 932
407, 2, 78, 186, 153, 0, 35.63%, 0, 0, 4, 302.98, 108559, 932
412, 2, 186, 187, 154, 1, 35.67%, 0, 0, 4, 289.06, 110139, 933
417, 2, 82, 187, 153, 0, 35.67%, 0, 0, 4, 164.48, 110783, 933
422, 2, 186, 190, 155, 0, 35.86%, 0, 0, 4, 276.98, 112209, 938
476, 2, 186, 198, 163, 0, 35.86%, 0, 0, 4, 0.08, 112798, 938
481, 2, 186, 202, 167, 0, 35.86%, 0, 0, 4, 179.30, 113705, 938
498, 2, 186, 202, 167, 0, 35.86%, 0, 0, 4, 0.21, 114206, 938
504, 2, 186, 206, 171, 0, 35.86%, 0, 0, 4, 176.93, 115088, 938
509, 2, 186, 208, 173, 0, 35.86%, 0, 0, 4, 180.32, 116024, 938
514, 2, 186, 210, 175, 0, 35.86%, 0, 0, 4, 186.24, 116960, 938
519, 2, 186, 211, 176, 0, 35.86%, 0, 0, 4, 183.92, 117929, 938
524, 2, 186, 213, 178, 0, 35.86%, 0, 0, 4, 179.90, 118856, 938
529, 2, 186, 213, 178, 0, 35.86%, 0, 0, 4, 186.99, 119819, 938
534, 2, 186, 214, 179, 0, 35.86%, 0, 0, 4, 188.64, 120767, 938
539, 2, 186, 214, 179, 0, 35.86%, 0, 0, 4, 178.44, 121652, 938
544, 2, 186, 215, 180, 0, 35.86%, 0, 0, 4, 184.14, 122585, 938
549, 2, 186, 216, 181, 0, 35.86%, 0, 0, 4, 193.85, 123593, 938
555, 2, 186, 218, 183, 0, 35.86%, 0, 0, 4, 189.15, 124562, 938
560, 2, 186, 219, 184, 0, 35.86%, 0, 0, 4, 211.15, 125616, 938
565, 2, 217, 222, 186, 1, 35.86%, 0, 0, 4, 176.93, 126439, 938
570, 2, 217, 224, 188, 1, 35.86%, 0, 0, 5, 148.27, 127134, 938
575, 2, 217, 225, 189, 1, 35.93%, 0, 0, 5, 159.16, 127960, 940
580, 2, 217, 226, 190, 1, 35.93%, 0, 0, 5, 166.16, 128800, 940
585, 2, 217, 226, 190, 1, 35.93%, 0, 0, 5, 164.64, 129631, 940
590, 2, 217, 226, 190, 1, 35.93%, 0, 0, 5, 164.44, 130450, 940
595, 2, 217, 226, 190, 1, 35.93%, 0, 0, 5, 164.04, 131272, 940
600, 2, 217, 232, 196, 1, 36.20%, 0, 0, 5, 158.64, 132080, 947
605, 2, 217, 237, 201, 1, 36.20%, 0, 0, 5, 161.88, 132929, 947
656, 2, 217, 237, 201, 1, 36.20%, 0, 0, 5, 0.06, 132932, 947
661, 2, 217, 240, 204, 1, 36.20%, 0, 0, 5, 158.66, 133766, 947
716, 2, 217, 242, 206, 1, 36.20%, 0, 0, 5, 0.06, 134210, 947
721, 2, 217, 245, 209, 1, 36.20%, 0, 0, 5, 170.46, 135071, 947
776, 2, 217, 246, 210, 1, 36.20%, 0, 0, 5, 0.00, 135563, 947
781, 2, 217, 249, 213, 1, 36.20%, 0, 0, 5, 167.18, 136394, 947
836, 2, 217, 250, 214, 1, 36.20%, 0, 0, 5, 0.06, 136853, 947
841, 2, 217, 250, 214, 1, 36.20%, 0, 0, 5, 160.43, 137666, 947
849, 2, 217, 253, 217, 1, 36.20%, 0, 0, 5, 0.72, 138143, 947
854, 2, 217, 258, 222, 1, 36.35%, 0, 0, 5, 165.33, 138986, 951
859, 2, 217, 259, 223, 1, 36.35%, 0, 0, 5, 167.16, 139823, 951
864, 2, 217, 260, 224, 1, 36.35%, 0, 0, 5, 194.15, 140747, 951
869, 2, 239, 260, 223, 4, 36.35%, 0, 0, 5, 144.16, 141449, 951
874, 2, 255, 260, 222, 3, 36.35%, 0, 0, 5, 210.50, 142461, 951
879, 2, 224, 261, 222, 2, 36.35%, 0, 0, 6, 171.91, 143387, 951
884, 2, 224, 262, 223, 2, 36.35%, 0, 0, 6, 163.94, 144179, 951
889, 2, 224, 265, 226, 2, 36.35%, 0, 0, 6, 167.73, 145034, 951
894, 2, 224, 265, 226, 2, 36.35%, 0, 0, 6, 165.89, 145859, 951
899, 2, 224, 267, 228, 2, 36.47%, 0, 0, 6, 158.49, 146645, 954
904, 2, 224, 268, 229, 2, 36.47%, 0, 0, 6, 165.93, 147494, 954
909, 2, 224, 270, 231, 2, 36.47%, 0, 0, 6, 160.32, 148304, 954
915, 2, 224, 273, 234, 2, 36.58%, 0, 0, 6, 161.03, 149138, 957
920, 2, 224, 275, 236, 2, 36.58%, 0, 0, 6, 160.49, 149948, 957
925, 2, 224, 277, 238, 2, 36.58%, 0, 0, 6, 161.98, 150758, 957
930, 2, 224, 277, 238, 2, 36.58%, 0, 0, 6, 162.15, 151577, 957
935, 2, 224, 278, 239, 2, 36.58%, 0, 0, 6, 162.84, 152399, 957
940, 2, 224, 282, 243, 2, 36.58%, 0, 0, 6, 165.38, 153224, 957
945, 2, 224, 286, 247, 2, 36.58%, 0, 0, 6, 164.07, 154037, 957
950, 2, 224, 286, 247, 2, 36.58%, 0, 0, 6, 158.93, 154841, 957
955, 2, 224, 286, 247, 2, 36.58%, 0, 0, 6, 167.29, 155702, 957
960, 2, 224, 286, 247, 2, 36.58%, 0, 0, 6, 160.31, 156503, 957
965, 2, 262, 287, 247, 4, 36.58%, 0, 0, 6, 191.80, 157500, 957
982, 2, 262, 287, 247, 4, 36.58%, 0, 0, 6, 0.18, 157557, 957
987, 2, 225, 288, 247, 3, 36.58%, 0, 0, 6, 194.21, 158534, 957
993, 2, 225, 288, 247, 3, 36.58%, 0, 0, 6, 154.41, 159231, 957
998, 2, 119, 288, 246, 2, 36.58%, 0, 0, 6, 187.58, 160208, 957
1003, 2, 276, 289, 246, 2, 36.58%, 0, 0, 7, 175.41, 161040, 957
1008, 2, 272, 290, 246, 1, 36.58%, 0, 0, 7, 154.57, 161816, 957
1013, 2, 272, 293, 249, 1, 36.70%, 0, 0, 7, 178.60, 162779, 960
1018, 2, 272, 293, 249, 1, 36.70%, 0, 0, 7, 187.11, 163730, 960
1023, 2, 272, 294, 250, 1, 36.70%, 0, 0, 7, 175.67, 164618, 960
1028, 2, 272, 294, 250, 1, 36.70%, 0, 0, 7, 179.52, 165548, 960
1033, 2, 272, 294, 250, 1, 36.70%, 0, 0, 7, 188.24, 166505, 960
1038, 2, 272, 295, 251, 1, 36.70%, 0, 0, 7, 185.78, 167435, 960
1043, 2, 272, 295, 251, 1, 36.70%, 0, 0, 7, 180.45, 168392, 960
1048, 2, 272, 295, 251, 1, 36.70%, 0, 0, 7, 186.05, 169337, 960
1054, 2, 272, 296, 252, 1, 36.70%, 0, 0, 7, 189.00, 170318, 960
1076, 2, 272, 296, 252, 1, 36.70%, 0, 0, 7, 0.16, 171047, 960
1081, 2, 272, 296, 252, 1, 36.70%, 0, 0, 7, 186.68, 171992, 960
1136, 2, 272, 296, 252, 1, 36.70%, 0, 0, 7, 0.06, 172565, 960
1141, 2, 272, 296, 252, 1, 36.70%, 0, 0, 7, 195.07, 173555, 960
1196, 2, 272, 296, 252, 1, 36.70%, 0, 0, 7, 0.06, 174131, 960
1201, 2, 290, 296, 251, 1, 36.70%, 0, 0, 7, 186.72, 175111, 960
1256, 2, 78, 296, 250, 0, 36.70%, 0, 0, 7, 0.02, 175622, 960
1261, 2, 297, 298, 252, 1, 36.81%, 0, 0, 7, 211.37, 176885, 963
1316, 2, 4, 298, 251, 0, 36.81%, 0, 0, 7, 0.06, 177323, 963
1321, 2, 300, 302, 255, 1, 36.81%, 0, 0, 7, 191.63, 178413, 963
1377, 2, 4, 303, 255, 0, 36.81%, 0, 0, 7, 0.06, 179081, 963
1382, 2, 81, 303, 255, 0, 36.81%, 0, 0, 7, 200.71, 180132, 963
1436, 2, 4, 304, 255, 0, 36.81%, 0, 0, 7, 0.08, 180940, 963
1441, 2, 4, 307, 258, 0, 36.81%, 0, 0, 7, 273.74, 182244, 963
1498, 2, 4, 309, 260, 0, 36.81%, 0, 0, 7, 0.02, 183060, 963
1503, 2, 78, 310, 261, 0, 36.81%, 0, 0, 7, 269.12, 184484, 963
1556, 2, 78, 312, 263, 0, 36.81%, 0, 0, 7, 0.02, 185279, 963
1561, 2, 4, 313, 264, 0, 36.81%, 0, 0, 7, 222.20, 186407, 963
1616, 2, 4, 313, 264, 0, 36.81%, 0, 0, 7, 0.10, 187341, 963
1621, 2, 4, 317, 268, 0, 36.81%, 0, 0, 7, 294.14, 188711, 963
1651, 2, 78, 318, 269, 0, 36.81%, 0, 0, 7, 0.15, 189548, 963
1656, 2, 110, 320, 271, 0, 36.81%, 0, 0, 7, 254.85, 191010, 963
1661, 2, 91, 322, 273, 0, 36.81%, 0, 0, 7, 269.28, 192408, 963
1666, 2, 4, 322, 273, 0, 36.81%, 0, 0, 7, 280.39, 193797, 963
1671, 2, 4, 323, 274, 0, 36.81%, 0, 0, 7, 265.12, 195165, 963
1677, 2, 21, 324, 275, 0, 36.81%, 0, 0, 7, 268.33, 196565, 963
1682, 2, 21, 324, 274, 0, 36.81%, 0, 0, 7, 264.86, 197912, 963
1687, 2, 4, 325, 275, 0, 36.81%, 0, 0, 7, 274.12, 199318, 963
1692, 2, 78, 325, 275, 0, 36.81%, 0, 0, 7, 278.52, 200745, 963
1697, 2, 4, 327, 277, 0, 36.81%, 0, 0, 7, 257.58, 202073, 963
1702, 2, 4, 327, 277, 0, 36.81%, 0, 0, 7, 269.27, 203440, 963
1707, 2, 21, 328, 278, 0, 36.81%, 0, 0, 7, 276.25, 204813, 963
1712, 2, 21, 330, 280, 0, 36.81%, 0, 0, 7, 278.64, 206185, 963
1717, 2, 21, 331, 281, 0, 36.81%, 0, 0, 7, 269.07, 207577, 963
1722, 2, 4, 331, 281, 0, 36.81%, 0, 0, 7, 278.40, 208949, 963
1727, 2, 4, 331, 281, 0, 36.81%, 0, 0, 7, 283.80, 210362, 963
1732, 2, 306, 332, 282, 0, 36.81%, 0, 0, 7, 256.12, 211758, 963
1738, 2, 306, 332, 282, 0, 36.81%, 0, 0, 7, 152.59, 212404, 963
1743, 2, 306, 332, 282, 0, 36.81%, 0, 0, 7, 128.98, 213042, 963
1764, 2, 306, 332, 282, 0, 36.81%, 0, 0, 7, 0.11, 213380, 963
1769, 2, 76, 332, 281, 0, 36.81%, 0, 0, 7, 163.14, 214212, 963
1774, 2, 300, 332, 280, 0, 36.81%, 0, 0, 7, 221.05, 215310, 963
1779, 2, 4, 332, 280, 0, 36.81%, 0, 0, 7, 255.90, 216670, 963
1784, 2, 4, 334, 282, 0, 36.81%, 0, 0, 7, 276.10, 218126, 963
1789, 2, 21, 334, 282, 0, 36.81%, 0, 0, 7, 268.95, 219482, 963
1794, 2, 21, 334, 282, 0, 36.81%, 0, 0, 7, 271.09, 220898, 963
1799, 2, 290, 334, 282, 0, 36.81%, 0, 0, 7, 243.79, 222145, 963
1800, 2, 290, 334, 282, 0, 36.81%, 0, 0, 7, 245.36, 222191, 963
1800, 2, 0, 334, 334, 8, 34.65%, 0, 0, 1, 0.00, 152, 947
