30 1 2 3 4 5 6 7 8 9 10 11 12 13 14 15 16 17 18 19 20 21 22 23 24 25 26 27 28 29 30 31 32 33 3  35 36 371 0 48 49 50
57 8 9 30 1 2 3 4 5 6 7 14
30 7 48 49 50 51 52 53 54 55 20 21 22 23 24 25 26 27 28 29 30 31 32 33 34 35  19 40 41 4240 41 42 43 44 45 7 8 9  57 58 59 60 6153 54 55 56 571 62 63 64
30 1 2 3 4 5 6 7 8
30 1 2 3 4 5 6 7 8
30 1 2 3 4 5 6 7 8
30 14 5 6 7 86 7 8
30 12 3 4 5 6 7 8
3036 2 3 4 5 6 7 8
30 1 2 3 4 5 6 7 8 9  20 21 22 23 24 ½5 26 27 28 29 30 31 32 33 3×××××2 3 4 ××××××××××××××××× 44 45 46 47 48 49 7 58 521 22 23 24 25 26 27 27 9 60 61 62  7 8
30 1 2 3 4 5 6 7 8
30 0 2 330 31 32