30 1 2 3 4 5 6 7 8 9 10 11 12 13 14 15 16 17 18 19 20 21 22 23 24 25 26 27 28 29 30 31 32 33 3  35 36 371 0 3 3 4 5 6 7 8 9 30 1 2 3 4 5 6 7 14 15  5 6 7 8
3 50 51 52 53 54 55 20 21 20 7 48 49 50 51 52 53 54 55 20 21 22 23124 25 26 27 28 29 30 31 32 33 34 35  1 37 38 39 40 41 42 43 44 45 7 8 9 10 11 5 0 3 12 53 54 55 56 571 62 63 64
30 1 2 3 4 5 6 7 8
30 1 2 3 4 5 6 7 8
30 1 2 3 4 5 6 7 8
30 1 2 3 4 5 6 7 8
30 1 30 1 2 3 45 6 7 8 9 10 11 12 13 14 15 16 17 18 19 20¢21 22 23 24 2530 1 2 3 4 5 6 7 8 32 33 3  35 36 371 0 3 3 4 5 6 7 8 9 30 1 2 3 4 5 6 7 14 15  5 6 7 8
30 7 48 49 50 51 52 53 54 55 20 21 22 23 24 25 26 27 28 29 30 31 32 33 34 35  1 37 38 39 40 41 42 43 44 45 7 8 9 10 11 5 6 3 12 53 54 55 56 571 62 63 64
30 1 2 3 4 5 6 7 8
 26 27 28 29 30 31
30 1 2 3 4 5 6 7 8
30 1331 0 3 3 4 5 6 7 8 9 10 11 12 13 14 15 16 17 18 129 30 31 39 20 21 22 23 24 25 26 27 28 29 30 31 32 33 34 35 36 37 38 39 40 412 13 12 53 54 55 56 57 5850 51 52 53 