331 0 3 3 4 5 6 7 8 9 10 11 12 13 14  31 16 17 18 19 20 21 22 23 24 25 26 27 28 29 30 3131 0 3 3 4 5 6 7 8 9 10 11 12 13 14 15 16 17 18 191 2 19 20 21 22 23 24 25 26 27 3 4 5 6 7 8
30 1 2 3 4 5 6 70 31 32 33 34 35 36 37 38 39 40 41 42 43 44 45 46 47 48 49 50 51 52 53 54 55 49 556 57 58 59 60 61 62 63 64 8
1 0 2 3 4 5 6 7 8
1 0 2 3 4 5 6 7 8
6 37 38 3971 0 2 3 4 5 6 7 8
1 0 2 3 4 5 6 7 8
1 0 2 3 4 5 6 7 8
30 0 2 3 4 51 0 3 3 4 5 6 7 8 9 10 11 12 13 14 15 16 17 18 19 20 21 22 23 24 25 26 27 28 29 30 31 32 33 34 35 36 37 38 39 40 41 42 43 44 45 46 47 48 49 50 51 52 53 54 55 56 57 58 59 60 61 62 63 64
1 0 2 3 4 5 6 7 8
1 0 2 3 4 5 6 7 8
1 0 2 3 4 5 6 7 8
1 0 2 3 4 5 6 7 8
1 0 2 3 4 5 6 7 8
1 0 2 3 4 5 6 7 8
30 0 2 3 4 5 6 7 8 9 10 11 12 2 3 4 5 6 7 8
1 0 2 3 4 5 6 7 13 14 15 16 17 18 19  24 25 26 27 28 29 30 2 33 34 35 36 37 38 39 443 44 45 46 47 48 49 50 1 2 3 4 5 6 7 8