330 1 2 3 4 5 6 7 8 9 10 11 12 13 14 15 16 17 18 19 20 21 22 23 24 25 26 27 28 29 30 31 32 3 8
30 1 2 3 4 331 0 3 3 4 5 6 7 8 9 10 11 12 13 14 15 16 17 18 19 20 21 22 23 24 25 26 27 28 29 30 31 32 33 34 35 36 37 38 39 40 41 42 43 44 45 46 47 48 49 50 51 52 53 54 5 24 25 26 27 24
1 0 2 3 4 5 6 7 8
1 0 2 3 4  5 6 7 8
1 0 23 4 5 6 7 8
1 0 2 3 4 5 6 7 8
1 0 2 3 4 5  0 2 3 4 5 6 7 8 9 10 11 121 0 3 3 4 5 6 7 8 9 10 11 12  51  7 8
1 0 2 3 4 5 6 7 52 53 54 55 56 57 58 59 60 61 62 63 64
1 0 2 3 4 5 6 7 8
1 0 2 3 4 5 6 7 8
1 0 2 3 4 53 4 5 6 7  63 64
30 1 2 3 40 2 3 4 5 6 7 8
1 0 6 7 8
30 1 2 3 4 5 6 7 82 3 4 5 6 7 8
30 0 2 3 4 5 6 7 8 9 10 11 12 13 14 15 16 17 18 19 20 21 22 23 24 25 26 27 28 29 30 31 32 0 0 2 3 4 3 61 0 3 330 1 2 3 4 5 6 7 8 9 10 11 12 13 14 15 16 17 18 19 20 21 22 23 24 25 26 27 28 29 30 31 32 33 3  35 36 37 38 39 40 41 42 43 44 45 46 47 48 49 50 51 52 53 54 55 56 57 58 59 60 61 621 52 53 0 1 2 3 4 5 6 7 8
30 1 2 3 4 5 6 7 8
30 1 2 3 54 55 20 21 22 4 5 6 7 8
30 1 2 3 4 5 6 7 8
30 1 2 3 4 5 6 7 8
30 1 2 3 4 5 6 7 8
30 1 2 3 4 5 6 7 8 9 10 11 12 13 14 15 16 17 18 19 20 21 22 23 24 25 26 27 28 29 30 31 32 33 34 35 36 37 38 39 40 41 42 43 44 45 46 47 48 49 50 51 52 53 54 55 56 57 58 59 60 61 62 63 64
30 1 2 3 4 5 6 7 8
30 1 2 3 4 5 6 7 8
30 1 2 3 4 5 6 7 8
30 1 2 3 4 5 6 7 8
30 1 2 3 4 5 6 7 8
30 1 2 3 4 5 6 7 8
30 0 2 3 4 5 6 7 8 9 10 11 12 13 14 15 16 13330 1 2 3 4 5 6 7 8 9 10 11 12 13 14 15 16 17 18 19 20 21 22 23 24 25 26 27 28 29 30 31 32 33 3  35 36 371 0 3 3 4 5 6 7 8 9 30 1 2 3 4 5 6 7 14 15  5 6 7 8
30 7 48 49 50 51 52 53 54 55 20 21 22 23 24 25 26 27 28 29 30 31 32 33 34 35  1 37 38 39 40 41 42 43 44 45 7 8 9 10 11 5 6 3 12 53 54 55 56 571 62 63 64
30 1 2 3 4 5 6 7 8
30 1 2 3 4 5 6 7 8
30 1 2 3 4 5 6 7 8
30 1331 0 3 3 4 5 6 7 8 9 10 11 12 13 14 15 16 17 18 19 20 21 22 23 24 25 26 27 28 29 30 31 32 33 34 35 36 37 38 39 40 412 13 12 53 54 55 56 57 5850 51 52 53 54 55 56 57 58 59 60 61 62 63 64
1 0 2 3 4 5 6 7 8
1 0 2 3 4 5 630 1 2 3 4 5 6 7 8 9 10 11 11 32 33 34 35 36 37 38 39 40 41 42 43 44 45 46 45 48 49 50
51 52 53 54 55 56 57 57 59 60 61 62 63 64
30 1 2 3 4 5 6 7 8
30 1 3 4 5 6 7 8
3051 52 53 2 3 4 5 6 7 8
30 1 2 3 4 5 6 7 8
30 1 2 3 4 5 6 7 8
30 1 2 3 4 5 6 7 8
30 1 2 3 4 5 6 7 8
30 1 2 3 4 5 6 7 8 9 10 11 12 13 14 15 16 17 18 19 20 21 22 23 24 25 26 27 28 29 30 31 338 39 40 41 42 43 44 45 46 47 48 49 50 51 52 53 54 55 56 57 58 59 60 61 62 63 64
30 1 2 3 4 5 6 7 8
30 1 2 3 4 5 6 7 8
38 39 40 41 42 43 44 45 46 47 48 49 50 51 52 53 54 55 3 64
1 0 2 3 4 5 6 7 8
1 0 2 3 4 5 6 7 8
1 0 2 3 4 5 6 7 8
1 0 2 3 4 5 6 7 8
1 0 2 3 4 5 6 7 8
1 0 2 3 4 5 6 7 8
30 0 2 3 4 5 6 7 8 22 23 24 25 26 27 28 29 30 31 32 33 34 352 53 54 55 56 57 58 59 60 61 62 63 64
30 1 2 3 4 5 6 7 8
30 1 2 3 4 5 6 7 8
30 1 2 3 4 5 6 7 8
30 1 2 3 4 5 6 D 8
30 1 2 3 4 5 6 7 8
30 1 2 3 4 5 6 7 8
30 1 2 3 4 5 6 7 8 9 10 11 12 13 14 15 16 17 18 19 20 21 22 23 24 25 1 0 3 3 4 5 6 7 8 9 10 11 12 1314 15 16 17 18 19 20 21 22 23 24 25 26 27 28 29 30 31 32 33 34 35 36 37 38 39 403 44 45 46 47 48 49 50 51 52 53 54 55 56 551 52 8 59 67 58 59 60 61 62 6 32 30 34 35 36 37 38 39 40 41 42 43 44 45 46 47 48 49 50 51 52 53 54 55 3 64
1 0 2 3 4 5 6 7 8
1 0 2 3 4 5!6 7 8
1 0 2 3 4 5 6 7 8
1 0 2 3 4 5 6 7 8
1 1 0 2 3 4 5 6 7 8
3061 62 63 64
30 1 2 3 4 5 6 7 81 0 3 3 4 5 6 7 8 9 30 1 2 3 4 9 10 11 12 13 14 15 16 17 18 1947 48 49 50 511  2 3 4 5 6 7 8 9 10 11 12 13 14 15 16 17 18 19 20 21 22 23 24 25 1 0 3 3 4 5 6 7 2 13 14 15 16 17 18 19 20 21 22 23 24 25 26 27 28 29 30 31 32 33 3  35 36 37 38 39 40 41 42 43 44 45 46 47 486 37 38 39 40 41 42 43 44 45 46 47 48 49 5 56 57 58 59 60 61 62 6 32 33 34 35 36 37 38 39 40 41 42 43 44 45 46 47 48 49 50 51 52 53 5 29 30 4 55 3 64
1 0 2 3 4 5 6 7 8
1 0 2 3 4 5 6 7 8
1 0 2 3 4 5 6 7 8
1 0 2 3 4 5 6 7 8
1 06 7 8
30 1 2 3 4 5 6 7 8
30 1 2 12 13 14 15 16 17 18 19 20 21 22 23 24 25 1 0 3 3 4 5 6 7 8 9 10 11 12 13 14 15 16 17 18 19 20 21 22 23 24 25 26 27 28 29 30 31 32 33 34 35 36 37 38 39 40 41 42 43 44 45 46 47 48 49 50 51 52 53 54 55 56 57 58 59 60 61 62 6 32 30 34 35 36 37 38 39 40 41 42 6 7 8
1 0 2 3 4 5 6 7 8
3061 62 63 64
30 1 2 3 4 5 6 7 81 0 3 3 4 5 6 7 8 9 30 1 2 3 4 5 6 7 8 9 48 49 50 511  2 3 4 5 6 7 8 9 10 11 12 13 14 15 16 17 18 19 20 21 22 23 24 25 1 0 3 3 4 5 6 7 8 9 10 114 15 16 17 18 19 20 1 2 3 4 5 6 7 8 9 10 11 12 13 14 15 38 39 40 41 42 43 44 45 46 47 48 49 50 51 52 53 54 55 56 57 58 59 60 61 62 63 64
30 1 2 0 1 2 3 330 1 2 3 4 5 6 7 8 9 10 11 12 13 14 15 16 17 18 19 20 28 9 10 11 12 13 14 15 16 17 18 19 20 21  2 3 4 5 6 7 8 9 10 11 12 13 14 15 16 17 1 5 6 7 8
1 0 2 3 4 5 6 7 8
333 34 35 36 37 38 39 40 41 42 43 10 11 12 13 14 15 16 17 18 19 20 21 22 23 24 25 26 27 28 29 30 31 32 33 34 35 36 37 38 39 40 41 42 43 44 45 46 47 48 49 50 51  7 8
1 0 2 3 4 5 6 7 52 53 54 55 569 60 61  8
1 0 2 0 2 3 4 5 6 7 8
1 0 2 3 4 5 6 7 8
1 0 6 7 8
30 1 2 3 4 5 6 7 82 3 4 5 6 7 8
30 0 2 3 4 5 6 7 835 3 64
1 0 2 3 4 5 6 7 8
1 0 2 3 4 5 6 7 8
1 0 2 3 4 5 6 7 8
1 0 2 3 4 5 6 7 8
1 0 2 3 4 4 5 6 7 8
30 0 2 3 4 5 6 7 8 22 23 24 25 26 27 28 29 30 31 32 33 34 352 53 54 55 56 57 58 59 60 61 62 63 64
30 1 2 3 4 5 6 7 8
30 1 2 32 3 4 5 6 7 8
30 1 2 3 4 5 6 7 87 8
30 1 2 3 4 5 6 7 8
30 1 2 3 3 3 4 5 6 7 8 9 10 11 12 13 14 118 19 20 21 22 23 24 25  29 30 31 32 33 34 35 36 37 38 39 40 41 42 43 44 45 46 47 48 49 50 51 52 53 54 55 56 57 58 59 60 61 62 6 32 30 34 35 36 37 38 39 40 41 42 43 44 45 46 47 48 49 50 51 52 53 54 55 3 64
1 0 2 3 4 5 6 7 8
1 0 2 3 8
1 0 2 3 4 5 6 7 8
1 0 2 3 4 5 6 7 8
1 0 2 3 4 5 6 7 8
1 0 2 3 4 5 6 7 8
3061 62 63 64
30 1 2 3 4 5 6 7 81 0 3 3 4 5 6 7 8 9 30 1 2 3 4 5 6 7 8 9 10 11 12 13 14 15 16 17 18 19 2 3 4 5 6 7 8 9 10 11 12 13 14 15 16 17 18 19 20 21 22 23 24 25 1 0 3 3 4 5 6 7 8 9 10 11 12 13 14 15 16 17 18 19 20 1 2 3 4 5 6 7 8 9 10 11 12 13 14 15 16 17 18 19 20 21  2 3 8 9 10 11 12 13 14 15 16 17 18  3 3 4 5 6 7 8 9 10 11 12 1 14 15 16 17 18 19 20 21 22 23 24 25 26 27 28 29 30 31 32 33 34 35 36 37 38 39 40 41 42 43 44 45 46 47 48 49 50 51 52 53 54 55 56 57 58 59 60 61 62 6 32 33 34 35 36 37 38 39 40 41 42 43 44 45 46 450 51  49 50 51 52 53 54 5 6 7 8
30 1 2 3 4 5 6 7 8
30 1 2 3 4 5 6 7 8
30 1 2 3 4 5 6 7  3 4 5 6 7 8 9 10 11 12 13 14 15 16 17 18 19 20 21 22 2 24 25 26 27 28 29 30 31 32 33 34 35 36 37 38 39 40 41 42 43 44 45 46 47 48 49 50 51 52 53 54 558 59 60 61 62 63 64
30 1 2 3 4 5 6 7 8
30 1 2 3 4 5 6 7 8
30 1 2 3 330 1 2 3 4 5 6 7 8 9 10 11 12 13 14 15 16 17 18 19 20 28 9 10 11 12 13 14 15 16 17 18 19 20 21  2 3 4 5 6 7 8 9 10 114 15 16 17 18 19 20 21 22 23 24 25 1 0 3 3 4 5 6 7 8 9 5 16 17 18 19 20 1 2 3 4 5 6 7 8 9 10 11 12 13 14 15 16 17 18 19 20 21  2 3 4 5 6 7 8 9 10 11 125 16 17 18 19 20 21 22 23 24 25 1 0 3 3 4 5 6 7 8 9 10 11 12 13  17 18 19 20 21 3 4 5 6 7 8
3051 52 53 2 3 4 5 6 7 8
30 1 2 3 4 5 6 7 8
30 1 2 3 4 5 6 72 3 4 5 6 7 8
30 1 2 3 4 5 6 7 8
30 1 2 3 4 5 6 7 8 9 10 11 12 13 14 15 16 17 18 19 20 21 22 23 24 25 26 27 28 29 30 31 0 41 42 43 44 45 46 47 48 49 50 51 52 53 54355 56 57 58 59 60 61 3 4 5 6 7 8
30 1 2 3 4 5 6 7 8
38 39 40 41 42 43 44 45 46 47 48 49 50 51 52 53 54 55 3 64
1 0 2 2 3 4 5 6 7 8
1 0 2 3 4 5 6 7 8
1 0 2 3 4 5 6 70 1 2 3 4 5 6 7 8
30 1 2 3 4 5 613 14 15 16 17 18 19 20 21 22 23 24 25 26 27 28 29 30 31 32 33 34 35 36 37 38 39 40 41 42 43 44 45 46 47 48 49 50 51 52 53 54 55 56 57 58 59 60 61 62 63 64
30 1 2 3 4 5 6 7 8
30 1 2 3 4 5 6 7 8
30 1 2 3 330 1 2 3 4 5 6 7 8 9 10 11 12 13 14 15 16 17 18 19 20 28 9 10 11 12 13 14 15 16 17 18 19 20 21  2 3 4 5 6 7 8 9 10 11 12 13 14 15 16 17 18 19 20 21 22 23 24 25 1 0 3 347 3 4 5 6 7 8
1 0 2 3 4 5 6 7 8
30 0 2 3 4 5 61 0 3 3 4 5 6 7 8 9 10