# relative_time, cycles_done, cur_item, corpus_count, pending_total, pending_favs, map_size, saved_crashes, saved_hangs, max_depth, execs_per_sec, total_execs, edges_found
61, 0, 2, 69, 67, 1, 25.52%, 0, 0, 2, 226.70, 13278, 867
66, 0, 23, 70, 66, 5, 25.52%, 0, 0, 2, 205.31, 14349, 867
71, 0, 9, 73, 68, 4, 25.52%, 0, 0, 3, 164.27, 15157, 867
76, 0, 35, 75, 69, 4, 25.67%, 0, 0, 3, 179.69, 16070, 872
81, 0, 40, 78, 71, 3, 26.61%, 0, 0, 3, 186.38, 16954, 904
86, 0, 40, 80, 73, 3, 26.61%, 0, 0, 3, 218.36, 18128, 904
91, 0, 40, 81, 74, 3, 26.79%, 0, 0, 3, 224.73, 19264, 910
96, 0, 40, 83, 76, 3, 26.79%, 0, 0, 3, 224.92, 20416, 910
102, 0, 40, 85, 78, 3, 26.79%, 0, 0, 3, 213.12, 21500, 910
107, 0, 40, 85, 78, 3, 26.79%, 0, 0, 3, 222.82, 22632, 910
112, 0, 40, 85, 78, 3, 26.79%, 0, 0, 3, 225.55, 23776, 910
117, 0, 40, 86, 79, 3, 26.79%, 0, 0, 3, 224.22, 24895, 910
122, 0, 40, 86, 79, 3, 26.79%, 0, 0, 3, 226.45, 26067, 910
127, 0, 40, 87, 80, 3, 26.79%, 0, 0, 3, 227.34, 27211, 910
132, 0, 40, 88, 81, 3, 26.79%, 0, 0, 3, 220.13, 28323, 910
137, 0, 40, 89, 82, 3, 26.79%, 0, 0, 3, 227.01, 29499, 910
142, 0, 87, 91, 81, 4, 26.79%, 0, 0, 3, 179.35, 30437, 910
147, 0, 74, 93, 81, 2, 26.79%, 0, 0, 4, 189.86, 31450, 910
153, 0, 80, 94, 81, 1, 26.79%, 0, 0, 4, 166.27, 32245, 910
158, 0, 94, 96, 82, 1, 26.96%, 0, 0, 4, 151.97, 33018, 916
163, 0, 94, 101, 86, 0, 26.96%, 0, 0, 5, 214.22, 34236, 916
168, 0, 87, 108, 93, 0, 26.96%, 0, 0, 5, 282.06, 35750, 916
173, 0, 110, 111, 96, 1, 28.79%, 0, 0, 5, 190.99, 36728, 978
178, 0, 4, 116, 100, 0, 28.79%, 0, 0, 5, 219.55, 37914, 978
183, 0, 15, 119, 103, 0, 28.79%, 0, 0, 5, 277.79, 39343, 978
188, 0, 87, 120, 104, 0, 28.79%, 0, 0, 5, 346.36, 41108, 978
193, 0, 15, 122, 106, 0, 28.79%, 0, 0, 5, 328.63, 42780, 978
198, 0, 87, 125, 109, 0, 28.79%, 0, 0, 5, 357.72, 44624, 978
203, 0, 87, 128, 112, 0, 28.79%, 0, 0, 5, 309.68, 46157, 978
209, 0, 4, 130, 114, 0, 28.79%, 0, 0, 5, 346.11, 47948, 978
214, 0, 4, 130, 114, 0, 28.79%, 0, 0, 5, 337.39, 49667, 978
219, 0, 61, 130, 114, 0, 28.79%, 0, 0, 5, 254.92, 50960, 978
224, 0, 87, 132, 115, 0, 28.79%, 0, 0, 5, 293.94, 52389, 978
229, 0, 134, 135, 118, 1, 28.79%, 0, 0, 5, 231.77, 53565, 978
234, 0, 136, 137, 119, 2, 29.08%, 0, 0, 5, 176.06, 54361, 988
239, 0, 135, 140, 121, 1, 29.08%, 0, 0, 5, 171.49, 55212, 988
244, 0, 140, 141, 121, 1, 29.20%, 0, 0, 5, 166.57, 56182, 992
250, 0, 142, 144, 123, 1, 29.38%, 0, 0, 5, 151.96, 57011, 998
255, 0, 87, 147, 125, 0, 29.38%, 0, 0, 5, 278.63, 58561, 998
260, 0, 89, 147, 125, 0, 29.38%, 0, 0, 5, 275.36, 60093, 998
265, 0, 87, 147, 124, 0, 29.38%, 0, 0, 5, 267.35, 61367, 998
270, 0, 87, 148, 125, 0, 29.38%, 0, 0, 5, 304.94, 62921, 998
275, 0, 27, 148, 125, 0, 29.38%, 0, 0, 5, 213.78, 63951, 998
280, 0, 87, 149, 125, 0, 29.38%, 0, 0, 5, 300.69, 65579, 998
285, 0, 4, 151, 127, 0, 29.38%, 0, 0, 5, 326.09, 67278, 998
290, 0, 4, 152, 128, 0, 29.38%, 0, 0, 5, 334.47, 68959, 998
295, 0, 152, 154, 130, 1, 29.44%, 0, 0, 5, 279.68, 70377, 1000
300, 1, 136, 155, 130, 0, 29.44%, 0, 0, 5, 263.13, 71509, 1000
306, 1, 87, 157, 132, 0, 29.44%, 0, 0, 5, 277.87, 72941, 1000
311, 1, 94, 157, 132, 0, 29.44%, 0, 0, 5, 316.03, 74561, 1000
316, 1, 158, 159, 134, 1, 29.70%, 0, 0, 5, 186.76, 75394, 1009
321, 1, 4, 160, 133, 0, 29.91%, 0, 0, 5, 221.68, 76386, 1016
326, 1, 62, 160, 132, 0, 29.91%, 0, 0, 5, 146.14, 77033, 1016
331, 1, 87, 162, 133, 0, 29.91%, 0, 0, 5, 246.23, 78344, 1016
336, 1, 153, 162, 133, 0, 29.91%, 0, 0, 5, 216.85, 79581, 1016
341, 1, 87, 165, 135, 0, 29.91%, 0, 0, 5, 239.33, 80699, 1016
346, 1, 41, 165, 135, 0, 29.91%, 0, 0, 5, 216.42, 81867, 1016
351, 1, 4, 167, 136, 0, 29.91%, 0, 0, 5, 277.58, 83367, 1016
357, 1, 9, 168, 137, 0, 29.91%, 0, 0, 5, 307.09, 85010, 1016
362, 1, 158, 171, 140, 0, 29.91%, 0, 0, 5, 263.65, 86358, 1016
367, 1, 4, 172, 140, 0, 29.97%, 0, 0, 5, 225.52, 87489, 1018
372, 1, 118, 172, 140, 0, 29.97%, 0, 0, 5, 169.48, 88392, 1018
377, 1, 172, 173, 140, 1, 30.03%, 0, 0, 5, 162.01, 89292, 1020
382, 1, 94, 173, 139, 0, 30.03%, 0, 0, 5, 265.33, 90618, 1020
387, 1, 7, 173, 139, 0, 30.03%, 0, 0, 5, 208.29, 91654, 1020
392, 1, 159, 174, 139, 0, 30.03%, 0, 0, 5, 295.61, 93224, 1020
397, 1, 87, 174, 139, 0, 30.03%, 0, 0, 5, 346.37, 95010, 1020
402, 1, 140, 176, 141, 0, 30.03%, 0, 0, 5, 261.04, 96285, 1020
407, 1, 87, 176, 140, 0, 30.03%, 0, 0, 5, 225.18, 97342, 1020
412, 1, 177, 179, 143, 1, 30.09%, 0, 0, 5, 189.27, 98396, 1022
418, 1, 158, 179, 142, 0, 30.09%, 0, 0, 5, 216.48, 99465, 1022
423, 1, 87, 181, 144, 0, 30.09%, 0, 0, 5, 285.54, 101010, 1022
428, 1, 4, 183, 146, 0, 30.09%, 0, 0, 5, 287.40, 102489, 1022
433, 1, 160, 183, 146, 0, 30.09%, 0, 0, 5, 185.00, 103411, 1022
438, 1, 87, 183, 145, 0, 30.09%, 0, 0, 5, 272.14, 104885, 1022
443, 1, 4, 183, 145, 0, 30.09%, 0, 0, 5, 352.97, 106761, 1022
448, 1, 87, 185, 147, 0, 30.09%, 0, 0, 5, 339.29, 108430, 1022
453, 1, 158, 186, 148, 0, 30.09%, 0, 0, 5, 279.41, 109877, 1022
458, 1, 104, 187, 149, 0, 30.09%, 0, 0, 6, 250.29, 111047, 1022
464, 1, 87, 187, 148, 0, 30.09%, 0, 0, 6, 259.09, 112210, 1022
469, 1, 136, 187, 148, 0, 30.09%, 0, 0, 6, 296.62, 113752, 1022
474, 1, 4, 191, 152, 0, 30.09%, 0, 0, 6, 285.31, 115199, 1022
479, 1, 140, 191, 152, 0, 30.09%, 0, 0, 6, 297.45, 116790, 1022
484, 1, 192, 194, 155, 1, 30.26%, 0, 0, 6, 209.06, 117819, 1028
489, 1, 87, 195, 155, 0, 30.26%, 0, 0, 6, 259.19, 119049, 1028
494, 1, 4, 195, 155, 0, 30.26%, 0, 0, 6, 306.45, 120657, 1028
499, 1, 158, 197, 157, 0, 30.26%, 0, 0, 6, 232.08, 121758, 1028
504, 1, 4, 197, 157, 0, 30.26%, 0, 0, 6, 310.08, 123389, 1028
509, 1, 87, 197, 157, 0, 30.26%, 0, 0, 6, 292.58, 124881, 1028
514, 1, 87, 197, 157, 0, 30.26%, 0, 0, 6, 297.10, 126363, 1028
520, 1, 4, 198, 158, 0, 30.26%, 0, 0, 6, 296.52, 127811, 1028
525, 2, 177, 200, 160, 0, 30.26%, 0, 0, 6, 233.26, 128994, 1028
530, 2, 177, 202, 162, 0, 31.12%, 0, 0, 6, 177.18, 129798, 1057
535, 2, 177, 203, 163, 0, 31.12%, 0, 0, 6, 167.20, 130635, 1057
540, 2, 177, 204, 164, 0, 31.12%, 0, 0, 6, 163.63, 131451, 1057
545, 2, 177, 204, 164, 0, 31.12%, 0, 0, 6, 157.59, 132231, 1057
550, 2, 177, 205, 165, 0, 31.23%, 0, 0, 6, 156.19, 133020, 1061
555, 2, 177, 205, 165, 0, 31.23%, 0, 0, 6, 159.85, 133818, 1061
560, 2, 177, 205, 165, 0, 31.23%, 0, 0, 6, 163.21, 134643, 1061
565, 2, 177, 206, 166, 0, 31.23%, 0, 0, 6, 164.86, 135507, 1061
570, 2, 177, 208, 168, 0, 31.23%, 0, 0, 6, 158.44, 136296, 1061
575, 2, 177, 209, 169, 0, 31.23%, 0, 0, 6, 164.29, 137130, 1061
580, 2, 177, 209, 169, 0, 31.23%, 0, 0, 6, 157.67, 137922, 1061
586, 2, 177, 209, 169, 0, 31.23%, 0, 0, 6, 160.63, 138768, 1061
591, 2, 177, 209, 169, 0, 31.23%, 0, 0, 6, 159.13, 139572, 1061
596, 2, 177, 209, 169, 0, 31.23%, 0, 0, 6, 165.73, 140421, 1061
601, 2, 177, 213, 173, 0, 31.47%, 0, 0, 6, 157.51, 141234, 1069
606, 2, 211, 215, 175, 4, 31.47%, 0, 0, 6, 161.90, 142091, 1069
611, 2, 200, 215, 174, 3, 31.47%, 0, 0, 6, 130.27, 142709, 1069
616, 2, 200, 217, 176, 3, 31.73%, 0, 0, 6, 189.68, 143663, 1078
621, 2, 200, 221, 180, 3, 32.26%, 0, 0, 6, 223.67, 144821, 1096
626, 2, 200, 223, 182, 3, 32.47%, 0, 0, 6, 231.37, 146009, 1103
631, 2, 200, 226, 185, 3, 32.47%, 0, 0, 6, 237.88, 147217, 1103
636, 2, 200, 228, 187, 3, 32.47%, 0, 0, 6, 230.45, 148417, 1103
642, 2, 200, 230, 189, 3, 32.47%, 0, 0, 6, 229.75, 149573, 1103
647, 2, 200, 232, 191, 3, 32.47%, 0, 0, 6, 229.48, 150733, 1103
652, 2, 200, 232, 191, 3, 32.47%, 0, 0, 6, 237.53, 151945, 1103
657, 2, 200, 232, 191, 3, 32.47%, 0, 0, 6, 240.49, 153193, 1103
662, 2, 200, 234, 193, 3, 32.47%, 0, 0, 6, 243.05, 154393, 1103
667, 2, 200, 236, 195, 3, 32.65%, 0, 0, 6, 236.06, 155561, 1109
672, 2, 200, 237, 196, 3, 32.65%, 0, 0, 6, 216.32, 156647, 1109
677, 2, 87, 237, 194, 6, 32.65%, 0, 0, 6, 176.69, 157464, 1109
682, 2, 216, 237, 194, 6, 32.65%, 0, 0, 6, 138.21, 158138, 1109
687, 2, 216, 239, 196, 6, 32.65%, 0, 0, 6, 149.16, 158902, 1109
692, 2, 216, 245, 202, 6, 32.79%, 0, 0, 6, 153.71, 159692, 1114
698, 2, 216, 248, 205, 6, 33.18%, 0, 0, 6, 156.71, 160493, 1127
703, 2, 216, 249, 206, 6, 33.32%, 0, 0, 6, 162.68, 161315, 1132
708, 2, 216, 252, 209, 6, 33.53%, 0, 0, 6, 162.28, 162132, 1139
713, 2, 216, 252, 209, 6, 33.53%, 0, 0, 6, 163.54, 162987, 1139
718, 2, 216, 254, 211, 6, 33.53%, 0, 0, 6, 160.65, 163779, 1139
723, 2, 216, 256, 213, 6, 33.53%, 0, 0, 6, 165.23, 164628, 1139
728, 2, 216, 258, 215, 6, 33.53%, 0, 0, 6, 162.09, 165438, 1139
733, 2, 216, 260, 217, 6, 33.68%, 0, 0, 6, 164.05, 166257, 1144
738, 2, 216, 261, 218, 6, 33.68%, 0, 0, 6, 163.55, 167088, 1144
743, 2, 216, 264, 221, 6, 33.85%, 0, 0, 6, 155.67, 167886, 1150
748, 2, 216, 266, 223, 6, 33.85%, 0, 0, 6, 156.97, 168684, 1150
753, 2, 216, 267, 224, 6, 33.85%, 0, 0, 6, 158.49, 169509, 1150
758, 2, 216, 269, 226, 6, 33.97%, 0, 0, 6, 163.90, 170343, 1154
763, 2, 216, 269, 226, 6, 33.97%, 0, 0, 6, 162.59, 171162, 1154
768, 2, 216, 269, 226, 6, 33.97%, 0, 0, 6, 206.42, 172174, 1154
774, 2, 265, 269, 225, 13, 33.97%, 0, 0, 6, 146.66, 172870, 1154
779, 2, 265, 269, 225, 13, 33.97%, 0, 0, 6, 128.45, 173490, 1154
784, 2, 258, 269, 224, 12, 33.97%, 0, 0, 6, 122.90, 174105, 1154
789, 2, 258, 269, 224, 12, 33.97%, 0, 0, 6, 123.37, 174725, 1154
794, 2, 258, 273, 228, 12, 33.97%, 0, 0, 7, 128.56, 175404, 1154
799, 2, 258, 276, 231, 12, 33.97%, 0, 0, 7, 136.18, 176097, 1154
804, 2, 258, 280, 235, 12, 33.97%, 1, 0, 7, 139.73, 176803, 1154
809, 2, 258, 283, 238, 12, 33.97%, 1, 0, 7, 137.76, 177495, 1154
814, 2, 258, 288, 243, 12, 33.97%, 1, 0, 7, 139.27, 178204, 1154
819, 2, 258, 288, 243, 12, 33.97%, 1, 0, 7, 134.80, 178894, 1154
824, 2, 258, 289, 244, 12, 33.97%, 1, 0, 7, 136.15, 179598, 1154
830, 2, 258, 292, 247, 12, 33.97%, 1, 0, 7, 135.21, 180278, 1154
835, 2, 258, 294, 249, 12, 33.97%, 1, 0, 7, 133.01, 180946, 1154
840, 2, 258, 294, 249, 12, 33.97%, 1, 0, 7, 134.89, 181646, 1154
845, 2, 258, 297, 252, 12, 33.97%, 1, 0, 7, 137.20, 182346, 1154
850, 2, 258, 299, 254, 12, 33.97%, 1, 0, 7, 132.40, 183032, 1154
855, 2, 258, 299, 254, 12, 33.97%, 1, 0, 7, 134.25, 183730, 1154
860, 2, 258, 300, 255, 12, 33.97%, 1, 0, 7, 137.73, 184416, 1154
865, 2, 258, 302, 257, 12, 33.97%, 1, 0, 7, 133.89, 185090, 1154
870, 2, 258, 302, 257, 12, 33.97%, 1, 0, 7, 138.88, 185814, 1154
876, 2, 258, 302, 257, 12, 33.97%, 1, 0, 7, 138.36, 186532, 1154
881, 2, 258, 303, 258, 12, 34.00%, 1, 0, 7, 137.25, 187236, 1155
886, 2, 258, 304, 259, 12, 34.18%, 1, 0, 7, 135.39, 187912, 1161
891, 2, 258, 305, 260, 12, 34.18%, 1, 0, 7, 167.32, 188774, 1161
896, 2, 258, 310, 265, 12, 34.18%, 2, 0, 7, 147.39, 189535, 1161
901, 2, 258, 313, 268, 12, 34.32%, 5, 0, 7, 140.21, 190241, 1166
907, 2, 245, 314, 268, 15, 34.32%, 5, 0, 7, 134.02, 190943, 1166
912, 2, 245, 315, 269, 15, 34.32%, 5, 0, 7, 170.55, 191757, 1166
917, 2, 245, 317, 271, 15, 34.32%, 6, 0, 7, 228.31, 192967, 1166
922, 2, 245, 318, 272, 15, 34.32%, 6, 0, 7, 232.11, 194147, 1166
927, 2, 245, 318, 272, 15, 34.32%, 6, 0, 7, 242.10, 195379, 1166
932, 2, 245, 321, 275, 15, 34.32%, 6, 0, 7, 227.00, 196511, 1166
937, 2, 245, 322, 276, 15, 34.32%, 6, 0, 7, 224.65, 197635, 1166
942, 2, 245, 322, 276, 15, 34.32%, 6, 0, 7, 233.07, 198823, 1166
947, 2, 245, 322, 276, 15, 34.32%, 6, 0, 7, 244.59, 200067, 1166
952, 2, 245, 322, 276, 15, 34.32%, 6, 0, 7, 237.13, 201299, 1166
957, 2, 245, 322, 276, 15, 34.32%, 6, 0, 7, 245.61, 202595, 1166
963, 2, 245, 322, 276, 15, 34.32%, 6, 0, 7, 247.22, 203878, 1166
968, 2, 245, 322, 276, 15, 34.32%, 6, 0, 7, 215.27, 204973, 1166
973, 2, 314, 322, 275, 15, 34.32%, 6, 0, 7, 145.45, 205645, 1166
978, 2, 218, 322, 274, 14, 34.32%, 6, 0, 7, 131.16, 206304, 1166
983, 2, 246, 322, 273, 13, 34.32%, 6, 0, 7, 160.56, 207130, 1166
988, 2, 246, 322, 273, 13, 34.32%, 6, 0, 7, 131.59, 207755, 1166
993, 2, 246, 322, 273, 13, 34.32%, 6, 0, 7, 131.12, 208423, 1166
999, 2, 227, 323, 273, 12, 34.32%, 6, 0, 7, 138.17, 209194, 1166
1004, 2, 227, 323, 273, 12, 34.32%, 6, 0, 7, 170.70, 210030, 1166
1009, 2, 288, 323, 272, 11, 34.32%, 6, 0, 7, 136.35, 210673, 1166
1014, 2, 288, 323, 272, 11, 34.32%, 6, 0, 7, 133.82, 211344, 1166
1019, 2, 288, 324, 273, 11, 34.32%, 6, 0, 8, 194.03, 212377, 1166
1024, 2, 204, 324, 272, 10, 34.32%, 6, 0, 8, 162.25, 213143, 1166
1029, 2, 291, 324, 271, 9, 34.32%, 6, 0, 8, 149.22, 213962, 1166
1034, 2, 291, 324, 271, 9, 34.32%, 6, 0, 8, 129.71, 214607, 1166
1040, 2, 291, 324, 271, 9, 34.32%, 6, 0, 8, 208.62, 215671, 1166
1045, 2, 256, 324, 270, 8, 34.32%, 6, 0, 8, 140.07, 216267, 1166
1050, 2, 299, 324, 269, 7, 34.32%, 6, 0, 8, 170.11, 217135, 1166
1055, 2, 299, 324, 269, 7, 34.32%, 6, 0, 8, 132.57, 217757, 1166
1060, 2, 299, 324, 269, 7, 34.32%, 6, 0, 8, 127.91, 218381, 1166
1065, 2, 274, 324, 268, 6, 34.32%, 6, 0, 8, 140.72, 219164, 1166
1070, 2, 274, 324, 268, 6, 34.32%, 6, 0, 8, 125.89, 219800, 1166
1075, 2, 303, 324, 267, 5, 34.32%, 6, 0, 8, 179.99, 220687, 1166
1080, 2, 303, 324, 267, 5, 34.32%, 6, 0, 8, 132.40, 221297, 1166
1085, 2, 303, 324, 267, 5, 34.32%, 6, 0, 8, 120.77, 221895, 1166
1091, 2, 251, 324, 266, 4, 34.32%, 6, 0, 8, 149.29, 222731, 1166
1096, 2, 251, 325, 267, 4, 34.32%, 6, 0, 8, 133.71, 223392, 1166
1101, 2, 324, 325, 266, 3, 34.32%, 6, 0, 8, 144.78, 224161, 1166
1106, 2, 324, 325, 266, 3, 34.32%, 6, 0, 8, 126.51, 224759, 1166
1111, 2, 324, 325, 266, 3, 34.32%, 6, 0, 8, 117.05, 225357, 1166
1116, 2, 87, 326, 266, 2, 34.32%, 6, 0, 8, 144.39, 226096, 1166
1121, 2, 302, 327, 267, 2, 34.32%, 6, 0, 8, 128.23, 226765, 1166
1126, 2, 302, 327, 267, 2, 34.32%, 6, 0, 8, 120.06, 227363, 1166
1132, 2, 302, 327, 267, 2, 34.32%, 6, 0, 8, 134.40, 228040, 1166
1137, 2, 212, 328, 267, 1, 34.32%, 6, 0, 8, 137.76, 228780, 1166
1142, 2, 212, 328, 267, 1, 34.32%, 6, 0, 8, 166.37, 229573, 1166
1147, 2, 212, 333, 272, 1, 34.32%, 8, 0, 8, 146.00, 230298, 1166
1152, 2, 94, 333, 271, 0, 34.32%, 8, 0, 8, 203.29, 231332, 1166
1157, 2, 94, 344, 282, 0, 34.32%, 8, 0, 8, 151.71, 232046, 1166
1162, 2, 94, 349, 287, 0, 34.32%, 8, 0, 8, 133.57, 232678, 1166
1167, 2, 94, 350, 288, 0, 34.32%, 8, 0, 8, 126.39, 233336, 1166
1172, 2, 87, 351, 289, 0, 34.32%, 9, 0, 8, 215.48, 234558, 1166
1178, 2, 352, 353, 291, 1, 34.32%, 9, 0, 8, 175.88, 235462, 1166
1183, 2, 352, 353, 291, 1, 34.32%, 9, 0, 8, 134.80, 236092, 1166
1188, 2, 352, 353, 291, 1, 34.32%, 9, 0, 8, 128.70, 236750, 1166
1193, 2, 87, 354, 291, 0, 34.32%, 9, 0, 8, 175.93, 237626, 1166
1198, 2, 4, 354, 291, 0, 34.32%, 9, 0, 8, 197.60, 238552, 1166
1203, 2, 321, 355, 292, 0, 34.32%, 9, 0, 8, 158.32, 239409, 1166
1208, 2, 321, 355, 292, 0, 34.32%, 9, 0, 8, 131.75, 240029, 1166
1213, 2, 321, 355, 292, 0, 34.32%, 9, 0, 8, 124.31, 240667, 1166
1218, 2, 355, 356, 292, 1, 34.32%, 9, 0, 8, 157.00, 241473, 1166
1223, 2, 355, 356, 292, 1, 34.32%, 9, 0, 8, 131.85, 242118, 1166
1228, 2, 355, 356, 292, 1, 34.32%, 9, 0, 8, 124.36, 242734, 1166
1234, 2, 135, 356, 291, 0, 34.32%, 9, 0, 8, 151.23, 243464, 1166
1239, 2, 4, 357, 292, 0, 34.32%, 9, 0, 8, 219.20, 244697, 1166
1244, 2, 82, 361, 296, 0, 34.32%, 9, 0, 8, 193.13, 245632, 1166
1249, 2, 94, 361, 295, 0, 34.32%, 9, 0, 8, 220.72, 246796, 1166
1254, 2, 352, 364, 298, 0, 34.32%, 9, 0, 8, 168.54, 247689, 1166
1259, 2, 352, 366, 300, 0, 34.32%, 10, 0, 8, 140.82, 248369, 1166
1264, 2, 352, 368, 302, 0, 34.32%, 10, 0, 8, 131.27, 249011, 1166
1269, 2, 352, 368, 302, 0, 34.32%, 10, 0, 8, 131.70, 249669, 1166
1274, 2, 352, 369, 303, 0, 34.32%, 10, 0, 8, 131.07, 250355, 1166
1279, 2, 352, 370, 304, 0, 34.32%, 11, 0, 8, 133.76, 251031, 1166
1285, 2, 352, 370, 304, 0, 34.32%, 11, 0, 8, 134.82, 251727, 1166
1290, 2, 352, 371, 305, 0, 34.32%, 12, 0, 8, 136.07, 252429, 1166
1295, 2, 352, 372, 306, 0, 34.32%, 12, 0, 8, 132.91, 253111, 1166
1300, 2, 352, 372, 306, 0, 34.32%, 12, 0, 8, 130.69, 253763, 1166
1305, 2, 352, 372, 306, 0, 34.32%, 12, 0, 8, 130.32, 254435, 1166
1310, 2, 352, 372, 306, 0, 34.32%, 12, 0, 8, 133.30, 255129, 1166
1315, 2, 352, 373, 307, 0, 34.32%, 12, 0, 8, 133.12, 255821, 1166
1320, 2, 352, 373, 307, 0, 34.32%, 12, 0, 8, 132.80, 256487, 1166
1326, 2, 352, 373, 307, 0, 34.32%, 12, 0, 8, 129.39, 257149, 1166
1331, 2, 352, 374, 308, 0, 34.32%, 12, 0, 8, 126.27, 257801, 1166
1336, 2, 352, 374, 308, 0, 34.32%, 12, 0, 8, 128.78, 258467, 1166
1341, 2, 352, 374, 308, 0, 34.32%, 12, 0, 8, 131.00, 259149, 1166
1346, 2, 352, 375, 309, 0, 34.32%, 12, 0, 8, 134.98, 259851, 1166
1352, 2, 87, 376, 310, 0, 34.32%, 12, 0, 8, 174.87, 260703, 1166
1357, 2, 4, 376, 310, 0, 34.32%, 12, 0, 8, 211.85, 261788, 1166
1362, 2, 87, 376, 310, 0, 34.32%, 12, 0, 8, 229.44, 263011, 1166
1367, 2, 4, 376, 310, 0, 34.32%, 12, 0, 8, 233.32, 264205, 1166
1372, 2, 94, 376, 310, 0, 34.32%, 12, 0, 8, 213.79, 265203, 1166
1377, 2, 4, 376, 310, 0, 34.32%, 12, 0, 8, 252.22, 266490, 1166
1382, 2, 4, 376, 310, 0, 34.32%, 12, 0, 8, 250.41, 267683, 1166
1387, 2, 4, 376, 310, 0, 34.32%, 12, 0, 8, 240.93, 268899, 1166
1392, 2, 151, 376, 310, 0, 34.32%, 12, 0, 8, 186.52, 269889, 1166
1397, 2, 87, 376, 309, 0, 34.32%, 12, 0, 8, 194.01, 270810, 1166
1403, 2, 251, 377, 310, 0, 34.32%, 12, 0, 8, 196.21, 271839, 1166
1408, 2, 307, 382, 315, 0, 34.32%, 13, 0, 8, 201.73, 272897, 1166
1413, 2, 307, 382, 315, 0, 34.32%, 13, 0, 8, 140.30, 273529, 1166
1418, 2, 307, 382, 315, 0, 34.32%, 13, 0, 8, 135.33, 274203, 1166
1423, 2, 192, 382, 314, 0, 34.32%, 14, 0, 8, 183.09, 275203, 1166
1428, 2, 246, 384, 316, 0, 34.32%, 15, 0, 8, 190.23, 276221, 1166
1433, 2, 144, 384, 316, 0, 34.32%, 15, 0, 8, 160.28, 277069, 1166
1438, 2, 87, 384, 315, 0, 34.32%, 15, 0, 8, 214.38, 278141, 1166
1443, 2, 87, 384, 315, 0, 34.32%, 15, 0, 8, 238.85, 279432, 1166
1448, 2, 87, 385, 316, 0, 34.32%, 16, 0, 8, 253.06, 280646, 1166
1453, 2, 4, 385, 316, 0, 34.32%, 16, 0, 8, 221.71, 281709, 1166
1459, 2, 172, 385, 316, 0, 34.32%, 16, 0, 8, 198.45, 282761, 1166
1464, 2, 15, 386, 317, 0, 34.32%, 16, 0, 8, 220.36, 283925, 1166
1469, 2, 231, 386, 317, 0, 34.32%, 16, 0, 8, 152.07, 284695, 1166
1474, 2, 231, 386, 317, 0, 34.32%, 16, 0, 8, 130.10, 285316, 1166
1479, 2, 231, 386, 317, 0, 34.32%, 16, 0, 8, 128.92, 285973, 1166
1484, 2, 149, 386, 316, 0, 34.32%, 16, 0, 8, 159.77, 286872, 1166
1489, 2, 87, 386, 314, 0, 34.32%, 16, 0, 8, 204.20, 287951, 1166
1494, 2, 204, 386, 314, 0, 34.32%, 16, 0, 8, 217.80, 289164, 1166
1500, 2, 87, 386, 314, 0, 34.32%, 16, 0, 8, 234.99, 290415, 1166
1505, 2, 4, 386, 314, 0, 34.32%, 16, 0, 8, 229.52, 291589, 1166
1510, 2, 4, 387, 315, 0, 34.32%, 16, 0, 8, 245.20, 292890, 1166
1515, 2, 229, 387, 315, 0, 34.32%, 16, 0, 8, 162.14, 293642, 1166
1520, 2, 229, 387, 315, 0, 34.32%, 16, 0, 8, 140.35, 294318, 1166
1525, 2, 87, 387, 314, 0, 34.32%, 16, 0, 8, 221.42, 295503, 1166
1530, 2, 94, 387, 314, 0, 34.32%, 17, 0, 8, 238.26, 296746, 1166
1535, 2, 4, 389, 316, 0, 34.32%, 18, 0, 8, 208.16, 297732, 1166
1540, 2, 121, 389, 316, 0, 34.32%, 18, 0, 8, 182.02, 298684, 1166
1545, 2, 135, 389, 315, 0, 34.32%, 18, 0, 8, 207.05, 299804, 1166
1550, 2, 94, 389, 314, 0, 34.32%, 18, 0, 8, 199.21, 300712, 1166
1555, 2, 4, 389, 314, 0, 34.32%, 18, 0, 8, 227.55, 301879, 1166
1561, 2, 87, 389, 314, 0, 34.32%, 18, 0, 8, 233.34, 303043, 1166
1566, 2, 35, 389, 314, 0, 34.32%, 18, 0, 8, 212.60, 304130, 1166
1571, 2, 251, 390, 315, 0, 34.32%, 18, 0, 8, 194.06, 305108, 1166
1576, 2, 218, 390, 315, 0, 34.32%, 18, 0, 8, 209.62, 306251, 1166
1581, 2, 4, 391, 316, 0, 34.32%, 18, 0, 8, 263.09, 307546, 1166
1586, 2, 4, 391, 316, 0, 34.32%, 18, 0, 8, 239.75, 308696, 1166
1591, 2, 87, 391, 316, 0, 34.32%, 18, 0, 8, 246.71, 310014, 1166
1596, 2, 87, 391, 316, 0, 34.32%, 19, 0, 8, 243.44, 311266, 1166
1601, 2, 288, 391, 316, 0, 34.32%, 19, 0, 8, 197.82, 312240, 1166
1606, 2, 4, 391, 316, 0, 34.32%, 19, 0, 8, 229.19, 313336, 1166
1611, 2, 218, 392, 317, 0, 34.32%, 19, 0, 8, 209.71, 314416, 1166
1616, 2, 4, 392, 317, 0, 34.32%, 19, 0, 8, 235.67, 315613, 1166
1622, 2, 87, 392, 317, 0, 34.32%, 19, 0, 8, 236.31, 316791, 1166
1627, 2, 87, 392, 316, 0, 34.32%, 19, 0, 8, 199.29, 317705, 1166
1632, 2, 87, 392, 316, 0, 34.32%, 19, 0, 8, 237.40, 318957, 1166
1637, 2, 372, 393, 317, 0, 34.32%, 19, 0, 8, 236.74, 320214, 1166
1642, 2, 372, 393, 317, 0, 34.32%, 19, 0, 8, 145.15, 320834, 1166
1647, 2, 372, 393, 317, 0, 34.32%, 19, 0, 8, 127.95, 321454, 1166
1652, 2, 372, 394, 318, 0, 34.32%, 19, 0, 8, 146.41, 322184, 1166
1657, 2, 87, 395, 318, 0, 34.32%, 19, 0, 8, 223.02, 323380, 1166
1662, 2, 75, 395, 318, 0, 34.32%, 19, 0, 8, 184.08, 324351, 1166
1667, 2, 4, 395, 317, 0, 34.32%, 19, 0, 8, 247.49, 325605, 1166
1672, 2, 87, 395, 317, 0, 34.32%, 20, 0, 8, 222.59, 326696, 1166
1677, 2, 299, 395, 317, 0, 34.32%, 20, 0, 8, 222.00, 327837, 1166
1683, 2, 4, 395, 317, 0, 34.32%, 20, 0, 8, 230.88, 328903, 1166
1688, 2, 383, 396, 318, 0, 34.35%, 20, 0, 8, 216.52, 330028, 1167
1693, 2, 383, 396, 318, 0, 34.35%, 20, 0, 8, 143.65, 330666, 1167
1698, 2, 383, 396, 318, 0, 34.35%, 20, 0, 8, 127.65, 331286, 1167
1703, 2, 172, 396, 317, 0, 34.35%, 20, 0, 8, 187.88, 332223, 1167
1708, 2, 4, 396, 317, 0, 34.35%, 20, 0, 8, 217.50, 333343, 1167
1713, 2, 305, 396, 317, 0, 34.35%, 20, 0, 8, 154.52, 334116, 1167
1718, 2, 305, 396, 317, 0, 34.35%, 20, 0, 8, 129.78, 334732, 1167
1723, 2, 305, 396, 317, 0, 34.35%, 20, 0, 8, 124.57, 335352, 1167
1728, 2, 87, 396, 316, 0, 34.35%, 20, 0, 8, 199.77, 336331, 1167
1733, 2, 4, 396, 316, 0, 34.35%, 20, 0, 8, 233.55, 337528, 1167
1738, 2, 85, 396, 316, 0, 34.35%, 20, 0, 8, 226.16, 338630, 1167
1744, 2, 4, 396, 316, 0, 34.35%, 20, 0, 8, 232.87, 339821, 1167
1749, 2, 4, 397, 317, 0, 34.35%, 20, 0, 8, 240.20, 341045, 1167
1754, 2, 4, 397, 317, 0, 34.35%, 20, 0, 8, 250.34, 342347, 1167
1759, 2, 274, 397, 317, 0, 34.35%, 20, 0, 8, 203.58, 343316, 1167
1764, 2, 235, 397, 317, 0, 34.35%, 21, 0, 8, 211.14, 344413, 1167
1769, 2, 87, 397, 317, 0, 34.35%, 21, 0, 8, 194.24, 345313, 1167
1774, 2, 389, 397, 317, 0, 34.35%, 21, 0, 8, 186.82, 346374, 1167
1779, 2, 389, 397, 317, 0, 34.35%, 21, 0, 8, 137.59, 347005, 1167
1784, 2, 4, 397, 316, 0, 34.35%, 21, 0, 8, 200.32, 347950, 1167
1789, 2, 363, 397, 316, 0, 34.35%, 21, 0, 8, 151.29, 348719, 1167
1795, 2, 363, 397, 316, 0, 34.35%, 21, 0, 8, 130.20, 349367, 1167
1800, 2, 363, 397, 316, 0, 34.35%, 21, 0, 8, 122.70, 349989, 1167
