1 7 8
1 0 2 3 4 5 6 7 8
1 0 2 3 14 15 16 17 18 19 20 21 22 23 24 25 26 27 28 29 30 31 32 33 34 35 36 37 38 39 40 41 42 43 44 45 46 47 48 49 50 51 52 53 54 55 56 57 58 59 60 61 62 63 64
1 0 2 3 4 5 6 7 8
1 0 2 3 4 5 6 7 8
1 0 2 3 4 5 6 7 8
1 0 2 3 4 5 55 56 57 58 57 38 39 40 41 42 43 44 45 46 479 60 61 62 6 7 8
1 0 2 3 4 5 6 7 8
1 0 2 3 4 5 6 7 8
30 0 2 3 4 5 6 7 8 91 0 3 3 4 5 6 7 8 9 10 11 12 13 14 15 16 17 18 19 20 21 22 23 24 25 26 27 28 29 30 31 32 33 34 35 36 37 38 39 40 41 42 43 44 45476 47 48 49 50 51 52 53 54 55 56 57 58 0 51 52 562 63 64
1 0 2 3 4 5 6 7 8
1 0 2 3 4 5 6 711 12 13 14 15 11  8
1 0 2 3 4 5 6 7 8
1 0 2 3 4 5 6 7 8
1 0 2 3 4 5 6 7 8
1 0 2 3 4 5 6 7 8
30 0 2 3 4 5 61 0 3 3 4 5 6 7 8 9 10 11 12 13 14 15 16 17 18 19 20 21 22 23 24 25 26 27 28 29 30 31 32 351 52 53 54 51 0 3 340 41 42 43 44 45 46 47 48 49 50 58 59 00 61 62 63 64
1 0 2 3 4 5 6 7 8
1 0 2 3 4 5 6 7 8
1 0 2 3 4 5 6 7 8
1 0 2 3 4 5 6 7 8
1 0 2 3 4 5 6 7 8
1 0 6 7 8
30 1 2 3 