# relative_time, cycles_done, cur_item, corpus_count, pending_total, pending_favs, map_size, saved_crashes, saved_hangs, max_depth, execs_per_sec, total_execs, edges_found
61, 0, 23, 67, 58, 1, 23.68%, 0, 0, 3, 207.87, 18113, 859
66, 0, 23, 76, 66, 0, 23.68%, 0, 0, 3, 253.60, 19370, 859
71, 0, 3, 84, 74, 0, 23.68%, 0, 0, 3, 232.51, 20509, 859
76, 0, 85, 88, 77, 2, 24.35%, 0, 0, 3, 165.62, 21335, 883
81, 0, 84, 93, 81, 2, 24.51%, 0, 0, 3, 153.89, 22167, 889
86, 0, 4, 99, 85, 0, 24.70%, 0, 0, 3, 174.36, 23109, 896
91, 0, 97, 102, 87, 1, 24.92%, 0, 0, 4, 168.52, 23994, 904
96, 0, 97, 107, 92, 1, 24.92%, 0, 0, 4, 180.02, 24909, 904
101, 0, 97, 112, 97, 1, 25.12%, 0, 0, 4, 177.45, 25786, 911
106, 0, 97, 116, 101, 1, 25.12%, 0, 0, 4, 191.05, 26764, 911
112, 0, 97, 118, 103, 1, 25.12%, 0, 0, 4, 185.92, 27718, 911
117, 0, 97, 124, 109, 1, 26.77%, 0, 0, 4, 174.14, 28600, 971
122, 0, 97, 125, 110, 1, 26.77%, 0, 0, 4, 179.49, 29500, 971
127, 0, 97, 125, 110, 1, 26.77%, 0, 0, 4, 190.02, 30493, 971
132, 0, 97, 127, 112, 1, 26.88%, 0, 0, 4, 185.65, 31399, 975
137, 0, 97, 129, 114, 1, 26.94%, 0, 0, 4, 178.14, 32308, 977
142, 0, 97, 131, 116, 1, 27.24%, 0, 0, 4, 185.61, 33259, 988
147, 0, 97, 131, 116, 1, 27.24%, 0, 0, 4, 184.80, 34213, 988
152, 0, 97, 133, 118, 1, 27.30%, 0, 0, 4, 178.47, 35104, 990
157, 0, 97, 134, 119, 1, 27.30%, 0, 0, 4, 175.79, 35977, 990
163, 0, 97, 134, 119, 1, 27.30%, 0, 0, 4, 194.71, 36978, 990
168, 0, 130, 136, 119, 8, 27.30%, 0, 0, 4, 158.45, 37784, 990
173, 0, 130, 139, 122, 8, 27.32%, 0, 0, 5, 259.59, 39161, 991
178, 0, 130, 141, 124, 8, 27.32%, 0, 0, 5, 289.22, 40690, 991
183, 0, 130, 143, 126, 8, 27.38%, 0, 0, 5, 304.61, 42246, 993
188, 0, 130, 144, 127, 8, 27.79%, 0, 0, 5, 313.97, 43812, 1008
239, 0, 130, 144, 127, 8, 27.79%, 0, 0, 5, 0.12, 44010, 1008
244, 0, 130, 144, 127, 8, 27.79%, 0, 0, 5, 314.89, 45558, 1008
301, 0, 130, 144, 127, 8, 27.79%, 0, 0, 5, 0.11, 46584, 1008
307, 0, 130, 144, 127, 8, 27.79%, 0, 0, 5, 313.60, 48138, 1008
359, 0, 130, 145, 128, 8, 27.79%, 0, 0, 5, 0.12, 49068, 1008
364, 0, 130, 146, 129, 8, 27.79%, 0, 0, 5, 319.56, 50700, 1008
419, 0, 143, 146, 128, 10, 27.79%, 0, 0, 5, 0.08, 51363, 1008
424, 0, 140, 146, 126, 8, 27.79%, 0, 0, 5, 195.36, 52353, 1008
479, 0, 140, 146, 126, 8, 27.79%, 0, 0, 5, 0.08, 52936, 1008
484, 0, 141, 150, 129, 8, 27.82%, 0, 0, 6, 186.71, 53846, 1009
541, 0, 141, 151, 130, 8, 28.37%, 0, 0, 6, 0.06, 54377, 1029
546, 0, 123, 151, 128, 8, 28.37%, 0, 0, 6, 159.12, 55241, 1029
599, 0, 123, 155, 132, 8, 28.59%, 0, 0, 6, 0.06, 55743, 1037
604, 0, 123, 156, 133, 8, 28.59%, 0, 0, 6, 220.53, 56853, 1037
661, 0, 123, 156, 133, 8, 28.59%, 0, 0, 6, 0.07, 57523, 1037
666, 0, 123, 156, 133, 8, 28.59%, 0, 0, 6, 213.38, 58615, 1037
719, 0, 123, 157, 134, 8, 29.45%, 0, 0, 6, 0.08, 59323, 1068
724, 0, 123, 159, 136, 8, 29.45%, 0, 0, 6, 224.99, 60431, 1068
779, 0, 123, 160, 137, 8, 29.45%, 0, 0, 6, 0.08, 61075, 1068
784, 0, 123, 160, 137, 8, 29.45%, 0, 0, 6, 226.70, 62219, 1068
839, 0, 123, 160, 137, 8, 29.45%, 0, 0, 6, 0.08, 62947, 1068
844, 0, 123, 160, 137, 8, 29.45%, 0, 0, 6, 228.49, 64091, 1068
899, 0, 123, 161, 138, 8, 29.56%, 0, 0, 6, 0.08, 64747, 1072
904, 0, 123, 162, 139, 8, 29.56%, 0, 0, 6, 226.33, 65867, 1072
959, 0, 123, 163, 140, 8, 29.56%, 0, 0, 6, 0.08, 66495, 1072
965, 0, 123, 163, 140, 8, 29.56%, 0, 0, 6, 214.59, 67627, 1072
974, 0, 123, 163, 140, 8, 29.56%, 0, 0, 6, 0.63, 68295, 1072
979, 0, 156, 165, 140, 13, 29.64%, 0, 0, 7, 243.41, 69632, 1075
984, 0, 129, 165, 139, 12, 29.64%, 0, 0, 7, 184.71, 70395, 1075
989, 0, 107, 166, 139, 11, 29.64%, 0, 0, 7, 171.18, 71273, 1075
994, 0, 122, 169, 141, 10, 29.78%, 0, 0, 7, 167.44, 72169, 1080
999, 0, 122, 171, 143, 10, 29.97%, 0, 0, 7, 387.66, 74424, 1087
1004, 0, 122, 172, 144, 10, 29.97%, 0, 0, 7, 436.02, 76654, 1087
1009, 0, 122, 173, 145, 10, 30.14%, 0, 0, 7, 411.66, 78741, 1093
1014, 0, 122, 173, 145, 10, 30.14%, 0, 0, 7, 409.14, 80845, 1093
1019, 0, 122, 173, 145, 10, 30.14%, 0, 0, 7, 435.17, 83029, 1093
1025, 0, 122, 175, 147, 10, 30.14%, 0, 0, 7, 386.78, 85128, 1093
1030, 0, 163, 176, 146, 13, 30.19%, 0, 0, 7, 200.76, 85941, 1095
1035, 0, 156, 179, 148, 12, 30.19%, 0, 0, 8, 209.42, 86922, 1095
1040, 0, 156, 182, 151, 12, 30.47%, 0, 0, 8, 193.82, 87872, 1105
1045, 0, 156, 182, 151, 12, 30.47%, 0, 0, 8, 182.62, 88784, 1105
1050, 0, 156, 183, 152, 12, 30.52%, 0, 0, 8, 185.83, 89714, 1107
1055, 0, 156, 185, 154, 12, 31.32%, 0, 0, 8, 181.48, 90635, 1136
1060, 0, 156, 185, 154, 12, 31.32%, 0, 0, 8, 178.47, 91517, 1136
1065, 0, 156, 185, 154, 12, 31.32%, 0, 0, 8, 192.79, 92522, 1136
1070, 0, 156, 185, 154, 12, 31.32%, 0, 0, 8, 194.11, 93494, 1136
1076, 0, 156, 186, 155, 12, 31.43%, 0, 0, 8, 188.23, 94463, 1140
1081, 0, 156, 186, 155, 12, 31.43%, 0, 0, 8, 188.78, 95387, 1140
1086, 0, 156, 187, 156, 12, 31.54%, 0, 0, 8, 190.25, 96338, 1144
1091, 0, 156, 187, 156, 12, 31.54%, 0, 0, 8, 186.31, 97274, 1144
1096, 0, 156, 188, 157, 12, 31.54%, 0, 0, 8, 186.21, 98234, 1144
1101, 0, 156, 188, 157, 12, 31.54%, 0, 0, 8, 181.40, 99182, 1144
1106, 0, 172, 189, 158, 18, 31.54%, 0, 0, 8, 219.18, 100305, 1144
1111, 0, 152, 191, 158, 17, 31.71%, 0, 0, 8, 181.48, 101354, 1150
1116, 0, 184, 191, 157, 16, 31.71%, 0, 0, 8, 186.53, 102241, 1150
1121, 0, 184, 195, 161, 16, 31.95%, 0, 0, 8, 258.65, 103573, 1159
1127, 0, 149, 197, 162, 18, 32.01%, 0, 0, 8, 218.06, 104557, 1161
1132, 0, 155, 198, 162, 17, 32.01%, 0, 0, 8, 178.03, 105385, 1161
1137, 0, 162, 199, 161, 16, 32.01%, 0, 0, 8, 159.35, 106280, 1161
1142, 0, 171, 200, 161, 15, 32.01%, 0, 0, 8, 194.67, 107296, 1161
1147, 0, 164, 200, 160, 14, 32.01%, 0, 0, 8, 187.72, 108233, 1161
1152, 0, 164, 202, 162, 14, 32.29%, 0, 0, 8, 229.81, 109363, 1171
1157, 0, 180, 202, 160, 14, 32.29%, 0, 0, 8, 154.89, 110104, 1171
1162, 0, 201, 205, 162, 13, 32.29%, 0, 0, 8, 167.88, 111022, 1171
1167, 0, 205, 206, 162, 13, 32.34%, 0, 0, 9, 220.65, 112120, 1173
1172, 0, 168, 206, 161, 12, 32.34%, 0, 0, 9, 198.92, 112962, 1173
1178, 0, 154, 206, 160, 11, 32.34%, 0, 0, 9, 212.15, 114009, 1173
1183, 0, 131, 207, 160, 10, 32.34%, 0, 0, 9, 214.68, 115000, 1173
1188, 0, 182, 209, 160, 9, 32.34%, 0, 0, 9, 190.62, 116118, 1173
1193, 0, 170, 209, 159, 8, 32.34%, 0, 0, 9, 168.45, 117007, 1173
1198, 0, 125, 210, 159, 7, 32.40%, 0, 0, 9, 200.57, 118059, 1175
1203, 0, 185, 212, 160, 7, 32.42%, 0, 0, 9, 201.75, 119110, 1176
1208, 0, 195, 213, 159, 7, 32.48%, 0, 0, 9, 155.06, 119919, 1178
1259, 0, 195, 213, 159, 7, 32.48%, 0, 0, 9, 0.04, 120030, 1178
1265, 0, 212, 215, 160, 6, 32.56%, 0, 0, 9, 193.24, 121062, 1181
1319, 0, 186, 215, 159, 6, 32.56%, 0, 0, 9, 0.08, 121770, 1181
1324, 0, 215, 216, 159, 6, 32.67%, 0, 0, 9, 187.54, 122745, 1185
1379, 0, 209, 216, 158, 5, 32.67%, 0, 0, 9, 0.06, 123116, 1185
1384, 0, 183, 218, 159, 5, 32.81%, 0, 0, 9, 163.71, 124073, 1190
1439, 0, 194, 218, 158, 4, 32.81%, 0, 0, 9, 0.08, 124798, 1190
1445, 0, 194, 219, 159, 4, 32.84%, 0, 0, 9, 149.18, 125551, 1191
1499, 0, 214, 219, 158, 4, 32.84%, 0, 0, 9, 0.06, 126104, 1191
1504, 0, 217, 219, 157, 3, 32.84%, 0, 0, 9, 192.78, 127238, 1191
1515, 0, 217, 221, 159, 3, 33.03%, 0, 0, 9, 0.41, 127828, 1198
1520, 0, 217, 227, 165, 3, 33.03%, 0, 0, 9, 210.44, 128853, 1198
1525, 0, 217, 228, 166, 3, 33.03%, 0, 0, 9, 186.80, 129768, 1198
1530, 0, 219, 229, 165, 1, 33.03%, 0, 0, 9, 158.40, 130595, 1198
1535, 0, 219, 231, 167, 1, 33.03%, 0, 0, 9, 185.44, 131504, 1198
1540, 0, 235, 238, 173, 1, 33.03%, 0, 0, 9, 182.90, 132530, 1198
1545, 0, 245, 248, 182, 2, 33.03%, 0, 0, 9, 240.66, 133913, 1198
1550, 0, 246, 248, 181, 1, 33.03%, 0, 0, 9, 170.31, 134703, 1198
1555, 0, 23, 249, 180, 0, 33.14%, 0, 0, 9, 193.05, 135636, 1202
1561, 0, 219, 254, 185, 0, 33.14%, 0, 0, 9, 269.30, 137142, 1202
1566, 0, 143, 259, 190, 0, 33.14%, 0, 0, 9, 261.32, 138460, 1202
1571, 0, 23, 261, 192, 0, 33.14%, 0, 0, 9, 282.32, 139944, 1202
1576, 0, 152, 264, 195, 0, 33.14%, 0, 0, 9, 296.19, 141520, 1202
1581, 0, 23, 267, 198, 0, 33.14%, 0, 0, 9, 288.39, 142911, 1202
1586, 0, 130, 270, 201, 0, 33.14%, 0, 0, 9, 287.78, 144399, 1202
1591, 0, 23, 274, 205, 0, 33.14%, 0, 0, 9, 281.23, 145868, 1202
1597, 0, 261, 275, 206, 0, 33.14%, 0, 0, 9, 232.99, 147096, 1202
1602, 0, 277, 278, 208, 1, 33.14%, 0, 0, 9, 231.88, 148182, 1202
1607, 0, 170, 282, 211, 0, 33.25%, 0, 0, 9, 228.04, 149272, 1206
1612, 0, 23, 282, 210, 0, 33.25%, 0, 0, 9, 271.15, 150580, 1206
1617, 0, 179, 284, 212, 0, 33.25%, 0, 0, 9, 215.28, 151621, 1206
1622, 0, 130, 285, 212, 0, 33.25%, 0, 0, 9, 259.01, 153090, 1206
1627, 0, 4, 289, 216, 0, 33.25%, 0, 0, 9, 275.57, 154488, 1206
1679, 0, 287, 289, 216, 1, 33.25%, 0, 0, 9, 0.08, 154699, 1206
1684, 0, 89, 290, 216, 0, 33.25%, 0, 0, 9, 196.41, 155854, 1206
1739, 0, 23, 292, 217, 0, 33.25%, 0, 0, 9, 0.02, 156675, 1206
1745, 0, 293, 294, 219, 1, 33.28%, 0, 0, 9, 250.96, 158114, 1207
1799, 0, 4, 294, 218, 0, 33.28%, 0, 0, 9, 0.08, 158608, 1207
1800, 0, 4, 294, 218, 0, 33.28%, 0, 0, 9, 222.22, 158648, 1207
