# relative_time, cycles_done, cur_item, corpus_count, pending_total, pending_favs, map_size, saved_crashes, saved_hangs, max_depth, execs_per_sec, total_execs, edges_found
61, 0, 1, 82, 76, 1, 34.17%, 0, 0, 3, 247.98, 18755, 803
66, 0, 1, 85, 79, 1, 34.17%, 0, 0, 3, 247.17, 19727, 803
71, 0, 1, 87, 81, 1, 34.17%, 0, 0, 3, 238.43, 20715, 803
76, 0, 1, 89, 83, 1, 34.17%, 0, 0, 3, 240.13, 21882, 803
81, 0, 1, 90, 84, 1, 34.17%, 0, 0, 3, 249.83, 23162, 803
86, 0, 1, 90, 84, 1, 34.17%, 0, 0, 3, 246.16, 24390, 803
91, 0, 1, 91, 85, 1, 34.17%, 0, 0, 3, 288.08, 25443, 803
96, 0, 1, 93, 87, 1, 34.21%, 0, 0, 3, 258.33, 26457, 804
101, 0, 1, 94, 88, 1, 34.21%, 0, 0, 3, 240.39, 27626, 804
107, 0, 1, 97, 91, 1, 34.21%, 0, 0, 3, 271.54, 28755, 804
112, 0, 1, 98, 92, 1, 34.21%, 0, 0, 3, 259.62, 29800, 804
117, 0, 91, 98, 90, 2, 34.21%, 0, 0, 3, 141.94, 30375, 804
122, 0, 47, 100, 90, 0, 34.21%, 0, 0, 3, 278.08, 31564, 804
127, 0, 47, 105, 95, 0, 34.21%, 0, 0, 3, 342.03, 32898, 804
132, 0, 47, 108, 98, 0, 34.21%, 0, 0, 3, 301.42, 34298, 804
137, 0, 36, 109, 99, 0, 34.21%, 0, 0, 3, 470.74, 35804, 804
143, 0, 47, 109, 99, 0, 34.21%, 0, 0, 3, 42.28, 37261, 804
148, 0, 47, 110, 100, 0, 34.21%, 0, 0, 3, 13.42, 38723, 804
153, 0, 36, 111, 101, 0, 34.21%, 0, 0, 3, 325.00, 40186, 804
159, 0, 36, 113, 103, 0, 34.21%, 0, 0, 3, 361.03, 41867, 804
164, 0, 47, 113, 103, 0, 34.21%, 0, 0, 3, 380.05, 43816, 804
169, 0, 36, 113, 103, 0, 34.21%, 0, 0, 3, 362.19, 45629, 804
174, 0, 36, 113, 103, 0, 34.21%, 0, 0, 3, 365.01, 47544, 804
179, 0, 47, 114, 104, 0, 34.21%, 0, 0, 3, 375.02, 49447, 804
184, 0, 47, 115, 104, 0, 34.21%, 0, 0, 3, 296.68, 50818, 804
189, 0, 36, 116, 105, 0, 34.21%, 0, 0, 3, 356.88, 52714, 804
194, 0, 46, 116, 105, 0, 34.21%, 0, 0, 3, 290.01, 54283, 804
199, 0, 47, 116, 104, 0, 34.21%, 0, 0, 3, 330.90, 55879, 804
204, 0, 36, 116, 104, 0, 34.21%, 0, 0, 3, 352.75, 57702, 804
209, 0, 47, 116, 104, 0, 34.21%, 0, 0, 3, 348.82, 59468, 804
240, 0, 36, 116, 104, 0, 34.21%, 0, 2, 3, 2.25, 59860, 804
270, 0, 36, 116, 104, 0, 34.21%, 0, 2, 3, 0.03, 59861, 804
300, 0, 36, 116, 104, 0, 34.21%, 0, 3, 3, 2.39, 60094, 804
331, 0, 36, 116, 104, 0, 34.21%, 0, 3, 3, 0.03, 60095, 804
352, 0, 47, 116, 104, 0, 34.21%, 0, 4, 3, 3.57, 60347, 804
390, 0, 47, 116, 104, 0, 34.21%, 0, 4, 3, 0.03, 60348, 804
430, 0, 116, 117, 105, 1, 34.34%, 0, 4, 3, 0.10, 60516, 807
450, 0, 116, 117, 105, 1, 34.34%, 0, 4, 3, 0.10, 60517, 807
470, 0, 116, 117, 105, 1, 34.34%, 0, 4, 3, 0.99, 60626, 807
497, 0, 116, 117, 105, 1, 34.34%, 0, 4, 3, 0.04, 60627, 807
502, 0, 36, 118, 105, 0, 34.34%, 0, 4, 3, 310.10, 62289, 807
507, 1, 96, 119, 105, 0, 34.34%, 0, 4, 3, 316.09, 63980, 807
512, 1, 36, 120, 105, 0, 34.34%, 0, 4, 3, 278.39, 65211, 807
514, 1, 36, 120, 105, 0, 34.34%, 0, 4, 3, 313.33, 65930, 807
