# relative_time, cycles_done, cur_item, corpus_count, pending_total, pending_favs, map_size, saved_crashes, saved_hangs, max_depth, execs_per_sec, total_execs, edges_found
61, 0, 2, 57, 55, 1, 33.93%, 4, 0, 2, 139.44, 8482, 853
66, 0, 2, 59, 57, 1, 33.93%, 4, 0, 2, 139.28, 9198, 853
71, 0, 2, 59, 57, 1, 33.93%, 4, 0, 2, 139.00, 9912, 853
76, 0, 2, 59, 57, 1, 33.93%, 4, 0, 2, 138.18, 10628, 853
81, 0, 2, 59, 57, 1, 33.93%, 4, 0, 2, 140.24, 11358, 853
86, 0, 2, 59, 57, 1, 33.93%, 4, 0, 2, 139.51, 12078, 853
91, 0, 2, 60, 58, 1, 33.93%, 5, 0, 2, 138.35, 12786, 853
97, 0, 2, 61, 59, 1, 33.93%, 5, 0, 2, 138.35, 13502, 853
102, 0, 2, 65, 63, 1, 33.93%, 5, 0, 2, 138.09, 14202, 853
107, 0, 56, 66, 62, 3, 33.93%, 5, 0, 3, 138.60, 14905, 853
112, 0, 59, 67, 61, 1, 33.93%, 5, 0, 3, 139.68, 15622, 853
117, 0, 59, 69, 62, 0, 33.93%, 7, 0, 3, 138.78, 16337, 853
122, 0, 47, 72, 65, 0, 33.93%, 8, 0, 3, 139.36, 17035, 853
127, 0, 59, 76, 68, 0, 33.93%, 8, 0, 3, 138.45, 17726, 853
132, 0, 59, 79, 71, 0, 33.93%, 8, 0, 3, 138.68, 18432, 853
137, 0, 59, 81, 73, 0, 34.81%, 8, 0, 3, 139.27, 19148, 875
142, 0, 59, 81, 72, 0, 34.81%, 8, 0, 3, 139.41, 19871, 875
148, 0, 59, 84, 75, 0, 34.81%, 8, 0, 3, 138.75, 20591, 875
153, 0, 59, 84, 74, 0, 34.81%, 8, 0, 3, 138.96, 21307, 875
158, 0, 47, 84, 74, 0, 34.81%, 8, 0, 3, 138.70, 22021, 875
163, 0, 38, 88, 78, 0, 34.81%, 8, 0, 3, 138.99, 22738, 875
168, 0, 59, 89, 78, 0, 34.81%, 9, 0, 3, 139.57, 23458, 875
173, 0, 59, 91, 80, 0, 34.81%, 10, 0, 3, 139.46, 24177, 875
179, 0, 59, 93, 82, 0, 34.81%, 10, 0, 3, 138.59, 24879, 875
184, 0, 59, 94, 83, 0, 34.81%, 10, 0, 3, 138.99, 25595, 875
189, 0, 59, 94, 83, 0, 34.81%, 10, 0, 3, 140.20, 26325, 875
194, 0, 59, 94, 83, 0, 34.81%, 11, 0, 3, 138.66, 27039, 875
199, 0, 59, 95, 84, 0, 34.81%, 11, 0, 3, 138.65, 27753, 875
204, 0, 59, 95, 84, 0, 34.81%, 11, 0, 3, 139.43, 28475, 875
209, 0, 47, 96, 85, 0, 34.81%, 11, 0, 3, 139.71, 29183, 875
215, 0, 3, 97, 86, 0, 34.81%, 11, 0, 3, 139.24, 29901, 875
220, 0, 3, 99, 88, 0, 34.81%, 11, 0, 3, 138.85, 30595, 875
225, 0, 59, 100, 89, 0, 34.81%, 11, 0, 3, 138.79, 31315, 875
230, 0, 59, 100, 89, 0, 34.81%, 11, 0, 3, 137.70, 32017, 875
235, 0, 59, 101, 90, 0, 34.81%, 11, 0, 3, 138.27, 32731, 875
240, 0, 47, 101, 90, 0, 34.81%, 11, 0, 3, 138.65, 33439, 875
245, 0, 59, 102, 91, 0, 34.81%, 11, 0, 3, 138.36, 34143, 875
250, 0, 59, 102, 91, 0, 34.81%, 11, 0, 3, 138.02, 34849, 875
255, 0, 59, 102, 91, 0, 34.81%, 11, 0, 3, 138.09, 35551, 875
261, 0, 59, 105, 94, 0, 34.81%, 11, 0, 3, 137.13, 36261, 875
266, 0, 57, 105, 94, 0, 34.81%, 11, 0, 3, 137.56, 36967, 875
271, 0, 97, 105, 94, 0, 34.81%, 11, 0, 3, 137.90, 37675, 875
276, 0, 59, 106, 94, 0, 34.81%, 11, 0, 4, 139.38, 38398, 875
281, 0, 59, 107, 95, 0, 34.81%, 11, 0, 4, 138.76, 39102, 875
286, 0, 47, 107, 95, 0, 34.81%, 12, 0, 4, 138.87, 39816, 875
291, 0, 59, 107, 95, 0, 34.81%, 12, 0, 4, 138.77, 40522, 875
297, 0, 83, 108, 95, 0, 34.88%, 12, 0, 4, 137.10, 41232, 877
302, 0, 80, 109, 96, 0, 34.88%, 13, 0, 4, 137.98, 41938, 877
307, 0, 59, 109, 96, 0, 34.88%, 13, 0, 4, 139.42, 42658, 877
312, 0, 59, 110, 97, 0, 34.88%, 13, 0, 4, 138.80, 43365, 877
317, 0, 59, 110, 97, 0, 34.88%, 13, 0, 4, 139.60, 44084, 877
322, 0, 59, 110, 97, 0, 34.88%, 13, 0, 4, 139.69, 44802, 877
327, 0, 59, 110, 97, 0, 34.88%, 13, 0, 4, 139.96, 45528, 877
333, 0, 59, 110, 97, 0, 34.88%, 13, 0, 4, 138.81, 46244, 877
338, 0, 59, 110, 97, 0, 34.88%, 13, 0, 4, 138.56, 46960, 877
343, 0, 59, 111, 98, 0, 34.88%, 13, 0, 4, 139.72, 47678, 877
348, 0, 59, 111, 98, 0, 34.88%, 13, 0, 4, 139.13, 48393, 877
353, 0, 59, 111, 98, 0, 34.88%, 13, 0, 4, 139.46, 49116, 877
358, 1, 59, 111, 98, 0, 34.88%, 13, 0, 4, 139.50, 49832, 877
364, 1, 23, 111, 98, 0, 34.88%, 13, 0, 4, 140.03, 50560, 877
369, 1, 96, 111, 97, 0, 34.88%, 13, 0, 4, 138.71, 51264, 877
374, 1, 80, 111, 96, 0, 34.88%, 14, 0, 4, 139.07, 51978, 877
379, 1, 59, 112, 96, 0, 34.96%, 14, 0, 4, 139.26, 52677, 879
384, 1, 84, 112, 95, 0, 34.96%, 14, 0, 4, 139.59, 53400, 879
389, 1, 83, 112, 94, 0, 34.96%, 14, 0, 4, 139.04, 54114, 879
394, 1, 105, 112, 93, 0, 34.96%, 14, 0, 4, 139.82, 54833, 879
399, 1, 105, 113, 94, 0, 34.96%, 14, 0, 5, 139.10, 55556, 879
405, 1, 59, 113, 93, 0, 34.96%, 14, 0, 5, 139.65, 56273, 879
410, 1, 59, 113, 93, 0, 34.96%, 14, 0, 5, 139.77, 56999, 879
415, 1, 59, 113, 93, 0, 34.96%, 14, 0, 5, 139.39, 57711, 879
420, 1, 59, 113, 93, 0, 34.96%, 14, 0, 5, 139.67, 58431, 879
425, 1, 59, 114, 94, 0, 34.96%, 14, 0, 5, 139.17, 59145, 879
430, 1, 59, 114, 94, 0, 34.96%, 14, 0, 5, 137.18, 59845, 879
435, 1, 59, 114, 94, 0, 34.96%, 14, 0, 5, 136.93, 60549, 879
440, 1, 59, 114, 94, 0, 34.96%, 14, 0, 5, 137.88, 61259, 879
446, 1, 59, 114, 94, 0, 34.96%, 14, 0, 5, 137.82, 61969, 879
451, 1, 31, 114, 94, 0, 34.96%, 14, 0, 5, 137.98, 62672, 879
456, 1, 59, 114, 93, 0, 34.96%, 14, 0, 5, 137.89, 63378, 879
461, 1, 59, 114, 93, 0, 34.96%, 14, 0, 5, 139.13, 64096, 879
466, 1, 59, 114, 93, 0, 34.96%, 14, 0, 5, 140.20, 64822, 879
471, 1, 29, 114, 93, 0, 34.96%, 14, 0, 5, 139.23, 65535, 879
477, 1, 29, 115, 93, 0, 34.96%, 14, 0, 5, 139.14, 66257, 879
482, 1, 29, 115, 93, 0, 34.96%, 14, 0, 5, 139.21, 66973, 879
487, 1, 29, 115, 93, 0, 34.96%, 14, 0, 5, 139.59, 67689, 879
492, 1, 29, 115, 93, 0, 34.96%, 14, 0, 5, 139.67, 68403, 879
497, 1, 114, 115, 93, 0, 34.96%, 14, 0, 5, 140.25, 69133, 879
502, 1, 50, 115, 92, 0, 34.96%, 14, 0, 5, 138.83, 69853, 879
507, 1, 50, 115, 91, 0, 34.96%, 14, 0, 5, 139.06, 70566, 879
513, 1, 50, 115, 91, 0, 34.96%, 14, 0, 5, 137.84, 71276, 879
518, 1, 50, 115, 91, 0, 34.96%, 14, 0, 5, 138.54, 71986, 879
523, 1, 50, 116, 92, 0, 34.96%, 14, 0, 5, 139.11, 72688, 879
528, 1, 98, 116, 92, 0, 34.96%, 14, 0, 5, 139.01, 73400, 879
533, 1, 50, 116, 91, 0, 34.96%, 14, 0, 5, 139.13, 74114, 879
538, 1, 50, 116, 91, 0, 34.96%, 14, 0, 5, 137.79, 74824, 879
543, 1, 50, 116, 91, 0, 34.96%, 14, 0, 5, 138.67, 75534, 879
548, 1, 50, 116, 91, 0, 34.96%, 14, 0, 5, 139.48, 76258, 879
554, 1, 50, 116, 91, 0, 34.96%, 14, 0, 5, 139.08, 76964, 879
559, 1, 50, 116, 91, 0, 34.96%, 14, 0, 5, 138.89, 77674, 879
564, 1, 50, 116, 91, 0, 34.96%, 14, 0, 5, 136.49, 78374, 879
569, 1, 50, 116, 91, 0, 34.96%, 14, 0, 5, 138.07, 79088, 879
574, 1, 69, 116, 91, 0, 34.96%, 14, 0, 5, 137.94, 79794, 879
579, 1, 45, 116, 90, 0, 34.96%, 14, 0, 5, 138.37, 80516, 879
584, 1, 57, 116, 89, 0, 34.96%, 14, 0, 5, 138.05, 81223, 879
590, 1, 50, 116, 88, 0, 34.96%, 14, 0, 5, 139.43, 81947, 879
595, 1, 50, 116, 88, 0, 34.96%, 14, 0, 5, 139.15, 82665, 879
600, 1, 58, 116, 88, 0, 34.96%, 14, 0, 5, 139.32, 83377, 879
605, 1, 107, 117, 88, 0, 34.96%, 14, 0, 5, 138.32, 84088, 879
610, 1, 58, 119, 90, 0, 34.96%, 14, 0, 5, 139.32, 84787, 879
615, 1, 107, 120, 90, 0, 34.96%, 14, 0, 5, 140.27, 85517, 879
620, 1, 80, 120, 90, 0, 34.96%, 14, 0, 5, 136.97, 86217, 879
626, 1, 80, 120, 90, 0, 34.96%, 14, 0, 5, 139.39, 86945, 879
631, 1, 58, 120, 90, 0, 34.96%, 14, 0, 5, 140.12, 87667, 879
636, 2, 58, 120, 90, 0, 34.96%, 14, 0, 5, 139.46, 88387, 879
641, 2, 58, 120, 90, 0, 34.96%, 14, 0, 5, 137.44, 89091, 879
646, 2, 101, 120, 90, 0, 34.96%, 14, 0, 5, 139.33, 89814, 879
651, 2, 58, 120, 89, 0, 34.96%, 14, 0, 5, 139.85, 90534, 879
656, 2, 58, 120, 89, 0, 34.96%, 14, 0, 5, 139.61, 91250, 879
662, 2, 80, 120, 89, 0, 34.96%, 14, 0, 5, 139.54, 91964, 879
667, 2, 58, 120, 89, 0, 34.96%, 14, 0, 5, 139.83, 92686, 879
672, 2, 58, 120, 89, 0, 34.96%, 14, 0, 5, 139.04, 93398, 879
677, 2, 58, 120, 89, 0, 34.96%, 14, 0, 5, 138.79, 94112, 879
682, 2, 118, 120, 88, 0, 34.96%, 14, 0, 5, 139.43, 94829, 879
687, 2, 58, 120, 88, 0, 34.96%, 14, 0, 5, 139.70, 95531, 879
692, 2, 58, 120, 88, 0, 34.96%, 14, 0, 5, 139.55, 96245, 879
697, 2, 81, 120, 88, 0, 34.96%, 14, 0, 5, 140.83, 96973, 879
703, 2, 58, 120, 87, 0, 34.96%, 15, 0, 5, 140.21, 97697, 879
708, 2, 58, 120, 87, 0, 34.96%, 15, 0, 5, 138.92, 98417, 879
713, 2, 58, 120, 87, 0, 34.96%, 15, 0, 5, 138.37, 99127, 879
718, 2, 58, 120, 87, 0, 34.96%, 15, 0, 5, 138.98, 99835, 879
723, 2, 58, 120, 87, 0, 34.96%, 15, 0, 5, 139.40, 100549, 879
728, 2, 58, 120, 87, 0, 34.96%, 15, 0, 5, 139.56, 101271, 879
733, 2, 58, 120, 87, 0, 34.96%, 15, 0, 5, 138.03, 101979, 879
739, 2, 58, 120, 87, 0, 34.96%, 15, 0, 5, 138.87, 102693, 879
744, 2, 53, 120, 87, 0, 34.96%, 15, 0, 5, 137.92, 103397, 879
749, 2, 58, 120, 86, 0, 34.96%, 15, 0, 5, 138.73, 104116, 879
754, 2, 58, 120, 86, 0, 34.96%, 15, 0, 5, 136.72, 104816, 879
759, 2, 68, 120, 86, 0, 34.96%, 15, 0, 5, 138.61, 105525, 879
764, 2, 58, 120, 85, 0, 34.96%, 15, 0, 5, 139.28, 106239, 879
769, 2, 58, 121, 86, 0, 34.96%, 15, 0, 5, 139.18, 106961, 879
775, 2, 58, 121, 86, 0, 34.96%, 15, 0, 5, 137.60, 107669, 879
780, 2, 58, 121, 86, 0, 34.96%, 15, 0, 5, 138.79, 108379, 879
785, 2, 58, 121, 86, 0, 34.96%, 15, 0, 5, 138.91, 109087, 879
790, 2, 58, 121, 86, 0, 34.96%, 15, 0, 5, 138.39, 109791, 879
795, 2, 58, 121, 86, 0, 34.96%, 15, 0, 5, 139.21, 110507, 879
800, 2, 58, 121, 86, 0, 34.96%, 15, 0, 5, 139.85, 111223, 879
805, 2, 58, 121, 86, 0, 34.96%, 15, 0, 5, 139.34, 111941, 879
811, 2, 58, 121, 86, 0, 34.96%, 15, 0, 5, 138.15, 112659, 879
816, 2, 58, 121, 86, 0, 34.96%, 15, 0, 5, 138.98, 113371, 879
821, 2, 58, 121, 86, 0, 34.96%, 15, 0, 5, 139.02, 114087, 879
826, 2, 58, 121, 86, 0, 34.96%, 15, 0, 5, 139.27, 114803, 879
831, 2, 58, 121, 86, 0, 34.96%, 15, 0, 5, 137.54, 115507, 879
836, 2, 63, 121, 86, 0, 34.96%, 15, 0, 5, 138.68, 116217, 879
841, 2, 118, 121, 85, 0, 34.96%, 15, 0, 5, 139.09, 116935, 879
846, 2, 58, 121, 85, 0, 34.96%, 15, 0, 5, 138.69, 117647, 879
852, 2, 58, 122, 86, 0, 34.96%, 15, 0, 5, 139.06, 118361, 879
857, 2, 58, 122, 86, 0, 34.96%, 15, 0, 5, 139.44, 119078, 879
862, 2, 58, 122, 86, 0, 34.96%, 15, 0, 5, 139.30, 119795, 879
867, 2, 58, 122, 86, 0, 34.96%, 15, 0, 5, 139.20, 120511, 879
872, 2, 3, 123, 87, 0, 34.96%, 15, 0, 5, 138.67, 121219, 879
877, 2, 58, 124, 88, 0, 34.96%, 15, 0, 5, 138.99, 121945, 879
883, 3, 58, 124, 88, 0, 34.96%, 15, 0, 5, 138.88, 122653, 879
888, 3, 58, 124, 88, 0, 34.96%, 15, 0, 5, 138.74, 123365, 879
893, 3, 58, 124, 88, 0, 34.96%, 15, 0, 5, 138.64, 124079, 879
898, 3, 58, 124, 88, 0, 34.96%, 15, 0, 5, 138.96, 124783, 879
903, 3, 7, 124, 88, 0, 34.96%, 15, 0, 5, 138.77, 125495, 879
908, 3, 108, 124, 87, 0, 34.96%, 15, 0, 5, 138.64, 126202, 879
913, 3, 108, 124, 87, 0, 34.96%, 15, 0, 5, 138.44, 126921, 879
918, 3, 58, 124, 86, 0, 34.96%, 15, 0, 5, 137.30, 127625, 879
924, 3, 58, 124, 86, 0, 34.96%, 15, 0, 5, 137.14, 128335, 879
929, 3, 58, 124, 86, 0, 34.96%, 15, 0, 5, 138.94, 129055, 879
934, 3, 58, 124, 85, 0, 34.96%, 15, 0, 5, 138.83, 129775, 879
939, 3, 58, 124, 85, 0, 34.96%, 15, 0, 5, 139.51, 130499, 879
944, 3, 58, 124, 85, 0, 34.96%, 15, 0, 5, 139.09, 131209, 879
949, 3, 58, 124, 85, 0, 34.96%, 15, 0, 5, 135.55, 131917, 879
955, 3, 58, 124, 85, 0, 34.96%, 15, 0, 5, 137.21, 132627, 879
960, 3, 21, 124, 85, 0, 34.96%, 15, 0, 5, 138.58, 133334, 879
965, 3, 58, 124, 83, 0, 34.96%, 15, 0, 5, 138.77, 134042, 879
970, 3, 58, 124, 83, 0, 34.96%, 15, 0, 5, 138.22, 134752, 879
975, 3, 58, 124, 83, 0, 34.96%, 15, 0, 5, 139.73, 135468, 879
980, 3, 13, 124, 83, 0, 34.96%, 15, 0, 5, 139.33, 136189, 879
985, 3, 58, 124, 82, 0, 34.96%, 15, 0, 5, 137.85, 136888, 879
990, 3, 58, 125, 83, 0, 34.96%, 15, 0, 5, 139.12, 137613, 879
996, 3, 58, 125, 83, 0, 34.96%, 15, 0, 5, 139.83, 138339, 879
1001, 3, 52, 126, 84, 0, 34.96%, 15, 0, 5, 138.51, 139057, 879
1006, 3, 58, 126, 83, 0, 34.96%, 15, 0, 5, 139.41, 139776, 879
1011, 3, 58, 126, 83, 0, 34.96%, 15, 0, 5, 140.10, 140502, 879
1016, 3, 58, 126, 83, 0, 34.96%, 15, 0, 5, 138.01, 141210, 879
1021, 3, 62, 126, 83, 0, 34.96%, 15, 0, 5, 139.03, 141930, 879
1027, 3, 122, 126, 82, 0, 34.96%, 15, 0, 5, 139.87, 142655, 879
1032, 3, 58, 126, 81, 0, 34.96%, 15, 0, 5, 139.58, 143372, 879
1037, 3, 58, 126, 81, 0, 34.96%, 15, 0, 5, 139.48, 144090, 879
1042, 3, 58, 126, 81, 0, 34.96%, 15, 0, 5, 139.89, 144814, 879
1047, 3, 58, 126, 81, 0, 34.96%, 15, 0, 5, 140.49, 145536, 879
1052, 3, 58, 126, 81, 0, 34.96%, 15, 0, 5, 138.92, 146248, 879
1058, 3, 58, 126, 81, 0, 34.96%, 15, 0, 5, 138.23, 146966, 879
1063, 3, 58, 126, 81, 0, 34.96%, 15, 0, 5, 139.29, 147678, 879
1068, 3, 79, 126, 81, 0, 34.96%, 15, 0, 5, 138.58, 148387, 879
1073, 3, 58, 126, 80, 0, 34.96%, 15, 0, 5, 138.96, 149107, 879
1078, 3, 58, 126, 80, 0, 34.96%, 15, 0, 5, 139.54, 149823, 879
1083, 3, 58, 126, 80, 0, 34.96%, 15, 0, 5, 138.88, 150541, 879
1088, 3, 58, 126, 80, 0, 34.96%, 15, 0, 5, 139.20, 151255, 879
1094, 3, 58, 126, 80, 0, 34.96%, 15, 0, 5, 139.21, 151975, 879
1099, 3, 58, 126, 80, 0, 34.96%, 15, 0, 5, 139.17, 152693, 879
1104, 3, 58, 126, 80, 0, 34.96%, 15, 0, 5, 140.11, 153397, 879
1109, 3, 58, 126, 80, 0, 34.96%, 15, 0, 5, 138.99, 154107, 879
1114, 3, 41, 126, 80, 0, 34.96%, 15, 0, 5, 138.04, 154820, 879
1119, 3, 41, 126, 79, 0, 34.96%, 15, 0, 5, 136.78, 155532, 879
1124, 3, 41, 126, 79, 0, 34.96%, 15, 0, 5, 137.94, 156238, 879
1130, 3, 41, 127, 80, 0, 34.96%, 15, 0, 5, 139.04, 156958, 879
1135, 3, 41, 127, 80, 0, 34.96%, 15, 0, 5, 139.30, 157678, 879
1140, 4, 80, 127, 80, 0, 34.96%, 15, 0, 5, 137.64, 158396, 879
1145, 4, 41, 127, 80, 0, 34.96%, 15, 0, 5, 135.93, 159096, 879
1150, 4, 41, 127, 80, 0, 34.96%, 15, 0, 5, 138.38, 159810, 879
1155, 4, 99, 127, 80, 0, 34.96%, 15, 0, 5, 136.63, 160508, 879
1161, 4, 41, 127, 79, 0, 34.96%, 15, 0, 5, 139.53, 161233, 879
1165, 4, 41, 127, 79, 0, 34.96%, 15, 0, 5, 138.53, 161812, 879
