# relative_time, cycles_done, cur_item, corpus_count, pending_total, pending_favs, map_size, saved_crashes, saved_hangs, max_depth, execs_per_sec, total_execs, edges_found
9, 0, 1, 4, 2, 1, 32.69%, 0, 0, 1, 52.13, 538, 743
14, 0, 2, 4, 2, 1, 32.34%, 0, 0, 1, 134.13, 729, 735
36, 0, 1, 35, 33, 1, 32.69%, 6, 0, 2, 136.84, 3238, 743
49, 0, 3, 43, 40, 1, 32.73%, 7, 0, 2, 139.90, 2253, 744
74, 0, 22, 70, 67, 0, 31.96%, 0, 0, 2, 143.25, 4122, 739
91, 0, 47, 87, 83, 0, 31.96%, 0, 0, 2, 141.67, 3313, 739
91, 18446744073709551615, 0, 87, 87, 2, 31.92%, 0, 0, 2, 0.00, 195, 738
97, 0, 30, 91, 87, 1, 32.73%, 4, 0, 2, 131.24, 1912, 744
139, 0, 43, 99, 93, 0, 32.93%, 9, 0, 2, 140.22, 6968, 753
169, 0, 22, 110, 103, 0, 31.46%, 5, 0, 2, 138.43, 5120, 746
172, 0, 42, 110, 103, 1, 31.46%, 0, 0, 1, 142.90, 1694, 746
175, 0, 67, 111, 104, 2, 31.46%, 0, 0, 2, 140.42, 1677, 746
178, 0, 43, 111, 106, 2, 31.46%, 1, 0, 2, 142.06, 1701, 746
181, 0, 38, 111, 106, 4, 32.73%, 2, 0, 2, 141.14, 1677, 744
181, 18446744073709551615, 0, 111, 110, 3, 32.05%, 0, 0, 2, 0.00, 242, 733
184, 0, 22, 111, 104, 2, 31.46%, 0, 0, 2, 109.67, 1601, 746
184, 18446744073709551615, 0, 111, 111, 2, 31.72%, 0, 0, 2, 0.00, 81, 721
187, 0, 67, 111, 105, 1, 31.46%, 0, 0, 2, 140.38, 1706, 746
248, 0, 45, 123, 114, 0, 31.46%, 6, 0, 2, 137.84, 9390, 746
253, 0, 43, 123, 114, 0, 31.46%, 6, 0, 2, 142.86, 10074, 746
258, 0, 45, 124, 115, 0, 31.46%, 6, 0, 2, 138.40, 10784, 746
263, 0, 45, 124, 115, 0, 31.46%, 6, 0, 2, 145.42, 11499, 746
268, 0, 45, 124, 115, 0, 31.46%, 6, 0, 2, 143.48, 12179, 746
273, 0, 45, 124, 115, 0, 31.46%, 7, 0, 2, 142.43, 12891, 746
278, 0, 43, 124, 115, 0, 31.46%, 7, 0, 2, 142.60, 13605, 746
284, 0, 45, 124, 115, 0, 31.46%, 7, 0, 2, 141.42, 14343, 746
289, 0, 45, 125, 116, 0, 31.46%, 7, 0, 2, 142.47, 15057, 746
294, 0, 43, 126, 117, 0, 31.46%, 8, 0, 2, 141.47, 15790, 746
295, 0, 45, 126, 117, 0, 31.46%, 8, 0, 2, 140.13, 15947, 746
356, 0, 82, 138, 128, 0, 33.28%, 5, 0, 3, 141.89, 10308, 789
361, 0, 82, 138, 128, 0, 33.28%, 6, 0, 3, 143.61, 11053, 789
366, 0, 126, 139, 129, 0, 33.28%, 7, 0, 3, 143.77, 11798, 789
371, 0, 82, 139, 129, 0, 33.28%, 7, 0, 3, 143.10, 12540, 789
377, 0, 82, 139, 129, 0, 33.28%, 7, 0, 3, 144.80, 13288, 789
382, 0, 126, 139, 129, 0, 33.28%, 7, 0, 3, 142.65, 14002, 789
382, 0, 82, 139, 129, 0, 33.28%, 7, 0, 3, 141.88, 14106, 789
443, 0, 58, 146, 134, 0, 33.70%, 8, 0, 3, 142.84, 10092, 799
448, 0, 58, 146, 134, 0, 33.70%, 8, 0, 3, 143.82, 10836, 799
453, 0, 58, 146, 134, 0, 33.70%, 8, 0, 3, 144.19, 11580, 799
458, 0, 58, 146, 134, 0, 33.70%, 8, 0, 3, 143.78, 12324, 799
464, 0, 58, 146, 134, 0, 33.70%, 8, 0, 3, 143.72, 13066, 799
469, 0, 58, 146, 134, 0, 33.70%, 8, 0, 3, 143.97, 13804, 799
474, 0, 146, 147, 135, 1, 33.70%, 8, 0, 3, 144.56, 14554, 799
479, 0, 58, 147, 134, 0, 33.70%, 8, 0, 3, 144.96, 15303, 799
484, 0, 58, 148, 135, 0, 33.70%, 9, 0, 3, 144.77, 16058, 799
489, 0, 58, 148, 135, 0, 33.70%, 9, 0, 3, 143.40, 16797, 799
495, 0, 58, 149, 136, 0, 33.70%, 9, 0, 3, 144.26, 17541, 799
500, 0, 58, 151, 138, 0, 33.70%, 9, 0, 3, 144.62, 18267, 799
505, 0, 58, 151, 138, 0, 33.70%, 9, 0, 3, 144.21, 19011, 799
510, 0, 58, 152, 139, 0, 33.70%, 9, 0, 3, 144.34, 19755, 799
515, 0, 58, 153, 140, 0, 33.70%, 9, 0, 3, 144.47, 20499, 799
520, 0, 56, 154, 141, 0, 33.70%, 9, 0, 3, 143.90, 21243, 799
525, 0, 58, 156, 143, 0, 33.70%, 10, 0, 3, 143.42, 21985, 799
531, 0, 139, 156, 143, 0, 33.70%, 11, 0, 3, 117.63, 22563, 799
536, 0, 58, 157, 144, 0, 33.70%, 11, 0, 3, 111.60, 23135, 799
541, 0, 58, 157, 144, 0, 33.70%, 11, 0, 3, 110.40, 23701, 799
546, 0, 58, 157, 144, 0, 33.70%, 11, 0, 3, 113.79, 24283, 799
551, 0, 58, 157, 144, 0, 33.70%, 11, 0, 3, 137.75, 25027, 799
556, 0, 58, 159, 146, 0, 33.70%, 11, 0, 3, 142.07, 25753, 799
561, 0, 58, 159, 146, 0, 33.70%, 11, 0, 3, 143.72, 26498, 799
567, 0, 58, 159, 146, 0, 33.70%, 11, 0, 3, 144.44, 27242, 799
572, 0, 58, 159, 146, 0, 33.70%, 11, 0, 3, 144.53, 27986, 799
577, 0, 58, 160, 147, 0, 33.70%, 11, 0, 3, 144.33, 28735, 799
582, 0, 58, 161, 148, 0, 33.70%, 11, 0, 3, 144.46, 29479, 799
587, 0, 56, 161, 148, 0, 33.70%, 11, 0, 3, 144.47, 30223, 799
592, 0, 58, 161, 148, 0, 33.70%, 11, 0, 3, 144.59, 30967, 799
598, 0, 139, 161, 148, 0, 33.70%, 11, 0, 3, 144.51, 31711, 799
603, 0, 58, 161, 148, 0, 33.70%, 11, 0, 3, 144.11, 32455, 799
608, 0, 56, 162, 149, 0, 33.70%, 11, 0, 3, 144.69, 33199, 799
613, 0, 58, 163, 150, 0, 33.70%, 11, 0, 3, 144.42, 33947, 799
618, 0, 58, 163, 150, 0, 33.70%, 11, 0, 3, 143.72, 34691, 799
623, 0, 58, 163, 150, 0, 33.70%, 11, 0, 3, 141.76, 35425, 799
629, 0, 58, 163, 150, 0, 33.70%, 11, 0, 3, 142.13, 36161, 799
634, 0, 58, 163, 150, 0, 33.70%, 11, 0, 3, 143.97, 36905, 799
639, 0, 58, 163, 150, 0, 33.70%, 11, 0, 3, 143.94, 37643, 799
644, 0, 58, 163, 150, 0, 33.70%, 11, 0, 3, 144.29, 38393, 799
649, 0, 58, 163, 150, 0, 33.70%, 11, 0, 3, 144.41, 39137, 799
654, 0, 58, 163, 150, 0, 33.70%, 11, 0, 3, 144.66, 39885, 799
660, 0, 58, 163, 150, 0, 33.70%, 11, 0, 3, 143.95, 40629, 799
665, 0, 58, 163, 150, 0, 33.70%, 11, 0, 3, 144.87, 41373, 799
670, 0, 146, 163, 150, 0, 33.70%, 11, 0, 3, 144.57, 42115, 799
675, 0, 58, 163, 150, 0, 33.70%, 11, 0, 3, 144.58, 42865, 799
680, 1, 58, 163, 150, 0, 33.70%, 11, 0, 3, 143.96, 43609, 799
685, 1, 58, 163, 150, 0, 33.70%, 11, 0, 3, 144.12, 44353, 799
691, 1, 146, 163, 150, 0, 33.70%, 11, 0, 3, 144.23, 45097, 799
696, 1, 58, 163, 150, 0, 33.70%, 11, 0, 3, 138.97, 45799, 799
701, 1, 58, 163, 150, 0, 33.70%, 11, 0, 3, 143.54, 46549, 799
706, 1, 163, 164, 151, 1, 33.70%, 11, 0, 3, 144.26, 47297, 799
711, 1, 58, 164, 150, 0, 33.70%, 11, 0, 3, 144.77, 48047, 799
716, 1, 58, 164, 150, 0, 33.70%, 11, 0, 3, 144.70, 48791, 799
722, 1, 58, 164, 150, 0, 33.70%, 12, 0, 3, 144.24, 49535, 799
727, 1, 58, 165, 151, 0, 33.70%, 12, 0, 3, 143.62, 50283, 799
732, 1, 165, 167, 153, 1, 33.78%, 12, 0, 4, 144.19, 51029, 801
737, 1, 58, 167, 152, 0, 33.78%, 13, 0, 4, 144.70, 51775, 801
742, 1, 4, 167, 152, 0, 33.78%, 13, 0, 4, 144.36, 52521, 801
747, 1, 58, 167, 151, 0, 33.78%, 13, 0, 4, 144.10, 53261, 801
753, 1, 139, 168, 152, 0, 33.78%, 13, 0, 4, 143.89, 54005, 801
758, 1, 58, 168, 152, 0, 33.78%, 13, 0, 4, 144.31, 54749, 801
763, 1, 6, 168, 152, 0, 33.78%, 13, 0, 4, 144.81, 55496, 801
768, 1, 58, 168, 151, 0, 33.78%, 13, 0, 4, 144.16, 56240, 801
773, 1, 163, 168, 151, 0, 33.78%, 13, 0, 4, 131.89, 56934, 801
778, 1, 58, 168, 150, 0, 33.78%, 13, 0, 4, 115.06, 57490, 801
783, 1, 58, 168, 150, 0, 33.78%, 13, 0, 4, 111.67, 58046, 801
788, 1, 58, 168, 150, 0, 33.78%, 13, 0, 4, 110.89, 58614, 801
793, 1, 58, 168, 150, 0, 33.78%, 13, 0, 4, 130.92, 59266, 801
799, 1, 58, 168, 150, 0, 33.78%, 13, 0, 4, 141.65, 60014, 801
804, 1, 58, 169, 151, 0, 33.78%, 13, 0, 4, 143.13, 60762, 801
809, 1, 58, 169, 151, 0, 33.78%, 13, 0, 4, 142.15, 61487, 801
814, 1, 58, 169, 151, 0, 33.78%, 13, 0, 4, 144.63, 62238, 801
819, 1, 58, 169, 151, 0, 33.78%, 13, 0, 4, 143.83, 62980, 801
824, 1, 30, 169, 151, 0, 33.78%, 13, 0, 4, 143.71, 63726, 801
830, 1, 58, 169, 150, 0, 33.78%, 13, 0, 4, 144.47, 64472, 801
835, 1, 58, 169, 150, 0, 33.78%, 13, 0, 4, 143.17, 65210, 801
840, 1, 58, 169, 150, 0, 33.78%, 13, 0, 4, 143.15, 65954, 801
845, 1, 58, 169, 150, 0, 33.78%, 13, 0, 4, 143.10, 66692, 801
850, 1, 58, 170, 151, 0, 33.78%, 13, 0, 4, 143.42, 67434, 801
855, 1, 58, 171, 152, 0, 33.78%, 13, 0, 4, 142.69, 68156, 801
861, 1, 58, 171, 152, 0, 33.78%, 13, 0, 4, 143.39, 68896, 801
866, 1, 58, 171, 152, 0, 33.78%, 13, 0, 4, 143.87, 69642, 801
871, 1, 58, 171, 152, 0, 33.78%, 13, 0, 4, 144.22, 70386, 801
876, 1, 144, 171, 152, 0, 33.78%, 13, 0, 4, 143.74, 71130, 801
881, 1, 58, 171, 151, 0, 33.78%, 13, 0, 4, 144.57, 71880, 801
886, 1, 58, 172, 152, 0, 33.78%, 13, 0, 4, 144.85, 72609, 801
892, 1, 79, 172, 152, 0, 33.78%, 13, 0, 4, 144.37, 73358, 801
897, 1, 58, 173, 152, 0, 33.78%, 13, 0, 4, 144.64, 74082, 801
902, 1, 58, 174, 153, 0, 33.78%, 13, 0, 4, 144.47, 74806, 801
907, 1, 58, 174, 153, 0, 33.78%, 13, 0, 4, 144.13, 75550, 801
912, 1, 159, 174, 153, 0, 33.78%, 13, 0, 4, 144.75, 76300, 801
917, 1, 58, 174, 152, 0, 33.78%, 13, 0, 4, 142.34, 77038, 801
922, 1, 151, 174, 152, 0, 33.78%, 14, 0, 4, 143.74, 77786, 801
927, 1, 58, 174, 151, 0, 33.78%, 14, 0, 4, 144.18, 78533, 801
933, 1, 85, 174, 151, 0, 33.78%, 14, 0, 4, 144.56, 79278, 801
938, 1, 58, 176, 152, 0, 33.78%, 14, 0, 4, 144.61, 80008, 801
943, 1, 58, 177, 153, 0, 33.78%, 14, 0, 4, 144.75, 80758, 801
948, 1, 58, 177, 153, 0, 33.78%, 14, 0, 4, 144.53, 81504, 801
953, 1, 58, 178, 154, 0, 33.78%, 14, 0, 4, 144.21, 82248, 801
958, 1, 148, 178, 154, 0, 33.78%, 14, 0, 4, 144.61, 82996, 801
963, 1, 58, 178, 153, 0, 33.78%, 15, 0, 4, 144.52, 83746, 801
969, 1, 58, 179, 154, 0, 33.78%, 15, 0, 4, 143.42, 84492, 801
974, 1, 58, 179, 154, 0, 33.78%, 15, 0, 4, 143.90, 85238, 801
979, 1, 168, 179, 154, 0, 33.78%, 15, 0, 4, 143.91, 85980, 801
984, 1, 163, 179, 153, 0, 33.78%, 15, 0, 4, 143.47, 86723, 801
989, 1, 179, 180, 154, 1, 34.08%, 15, 0, 4, 143.24, 87465, 808
995, 1, 58, 180, 153, 0, 34.08%, 15, 0, 4, 144.19, 88214, 808
1000, 1, 58, 180, 153, 0, 34.08%, 15, 0, 4, 118.42, 88798, 808
1005, 1, 125, 180, 153, 0, 34.08%, 15, 0, 4, 112.15, 89350, 808
1010, 1, 163, 180, 152, 0, 34.08%, 15, 0, 4, 110.60, 89917, 808
1015, 1, 139, 180, 152, 0, 34.08%, 15, 0, 4, 110.02, 90483, 808
1020, 1, 58, 181, 153, 0, 34.08%, 15, 0, 4, 109.91, 91053, 808
1021, 1, 58, 181, 153, 0, 34.08%, 15, 0, 4, 109.12, 91133, 808
1082, 2, 93, 186, 169, 0, 34.16%, 11, 0, 2, 144.51, 10622, 810
1087, 2, 49, 186, 168, 0, 34.16%, 12, 0, 2, 144.88, 11371, 810
1093, 2, 49, 186, 168, 0, 34.16%, 12, 0, 2, 143.98, 12115, 810
1098, 2, 49, 186, 168, 0, 34.16%, 13, 0, 2, 141.92, 12827, 810
1103, 2, 49, 186, 168, 0, 34.16%, 13, 0, 2, 144.61, 13575, 810
1108, 2, 49, 186, 168, 0, 34.16%, 13, 0, 2, 145.33, 14325, 810
1113, 2, 49, 186, 168, 0, 34.16%, 13, 0, 2, 145.27, 15071, 810
1118, 2, 62, 186, 168, 0, 34.16%, 13, 0, 2, 145.43, 15821, 810
1124, 2, 49, 186, 167, 0, 34.16%, 13, 0, 2, 144.06, 16567, 810
1129, 2, 49, 186, 167, 0, 34.16%, 13, 0, 2, 144.87, 17313, 810
1134, 2, 49, 187, 168, 0, 34.16%, 13, 0, 2, 144.98, 18039, 810
1139, 2, 49, 187, 168, 0, 34.16%, 13, 0, 2, 144.75, 18783, 810
1144, 2, 49, 187, 168, 0, 34.16%, 13, 0, 2, 143.69, 19523, 810
1149, 2, 100, 187, 168, 0, 34.16%, 13, 0, 2, 145.11, 20272, 810
1154, 2, 41, 187, 167, 0, 34.16%, 13, 0, 2, 144.98, 21018, 810
1159, 2, 51, 187, 167, 0, 34.16%, 13, 0, 2, 144.79, 21764, 810
1165, 2, 49, 187, 166, 0, 34.16%, 13, 0, 2, 145.07, 22512, 810
1170, 2, 49, 187, 166, 0, 34.16%, 13, 0, 2, 145.36, 23260, 810
1175, 2, 86, 187, 166, 0, 34.16%, 14, 0, 2, 145.57, 24008, 810
1180, 2, 49, 187, 165, 0, 34.16%, 14, 0, 2, 145.33, 24755, 810
1185, 2, 49, 187, 165, 0, 34.16%, 14, 0, 2, 145.73, 25506, 810
1190, 2, 49, 188, 166, 0, 34.16%, 14, 0, 3, 145.64, 26256, 810
1196, 2, 49, 188, 166, 0, 34.16%, 14, 0, 3, 135.17, 26960, 810
1201, 2, 49, 188, 166, 0, 34.16%, 14, 0, 3, 124.59, 27602, 810
1206, 2, 49, 188, 166, 0, 34.16%, 14, 0, 3, 140.00, 28332, 810
1211, 2, 14, 188, 166, 0, 34.16%, 15, 0, 3, 144.39, 29082, 810
1216, 2, 49, 188, 165, 0, 34.16%, 16, 0, 3, 144.77, 29830, 810
1221, 2, 49, 188, 165, 0, 34.16%, 16, 0, 3, 144.61, 30572, 810
1226, 2, 148, 188, 165, 0, 34.16%, 16, 0, 3, 145.00, 31322, 810
1231, 2, 49, 188, 164, 0, 34.16%, 16, 0, 3, 145.09, 32071, 810
1237, 2, 49, 188, 164, 0, 34.16%, 16, 0, 3, 145.08, 32817, 810
1242, 2, 49, 188, 164, 0, 34.16%, 17, 0, 3, 145.46, 33565, 810
1247, 2, 49, 188, 164, 0, 34.16%, 17, 0, 3, 145.52, 34313, 810
1252, 2, 49, 188, 164, 0, 34.16%, 17, 0, 3, 145.39, 35061, 810
1257, 2, 68, 188, 164, 0, 34.16%, 17, 0, 3, 145.07, 35809, 810
1262, 2, 106, 188, 163, 0, 34.16%, 17, 0, 3, 145.42, 36558, 810
1267, 2, 49, 188, 162, 0, 34.16%, 17, 0, 3, 145.77, 37307, 810
1273, 2, 32, 188, 162, 0, 34.16%, 17, 0, 3, 141.14, 38035, 810
1278, 2, 32, 188, 162, 0, 34.16%, 17, 0, 3, 119.18, 38655, 810
1283, 2, 49, 188, 161, 0, 34.16%, 18, 0, 3, 109.59, 39201, 810
1288, 2, 49, 188, 161, 0, 34.16%, 18, 0, 3, 108.55, 39755, 810
1293, 2, 49, 188, 161, 0, 34.16%, 18, 0, 3, 133.34, 40467, 810
1298, 2, 49, 188, 161, 0, 34.16%, 18, 0, 3, 133.36, 41165, 810
1304, 2, 49, 188, 161, 0, 34.16%, 18, 0, 3, 133.71, 41859, 810
1309, 2, 99, 188, 161, 0, 34.16%, 18, 0, 3, 137.59, 42567, 810
1314, 2, 49, 188, 160, 0, 34.16%, 18, 0, 3, 138.17, 43273, 810
1319, 2, 23, 188, 160, 0, 34.16%, 19, 0, 3, 143.80, 44021, 810
1324, 2, 49, 188, 159, 0, 34.16%, 19, 0, 3, 144.60, 44770, 810
1329, 2, 49, 188, 159, 0, 34.16%, 19, 0, 3, 143.77, 45508, 810
1334, 2, 49, 189, 159, 0, 34.16%, 19, 0, 3, 144.32, 46251, 810
1340, 2, 49, 189, 159, 0, 34.16%, 19, 0, 3, 144.25, 46995, 810
1345, 2, 49, 189, 159, 0, 34.16%, 19, 0, 3, 143.30, 47733, 810
1350, 2, 49, 189, 159, 0, 34.16%, 19, 0, 3, 144.98, 48479, 810
1355, 2, 110, 189, 159, 0, 34.16%, 19, 0, 3, 145.34, 49229, 810
1360, 2, 49, 189, 158, 0, 34.16%, 19, 0, 3, 145.40, 49980, 810
1365, 2, 49, 189, 158, 0, 34.16%, 19, 0, 3, 145.30, 50730, 810
1371, 2, 49, 189, 158, 0, 34.16%, 19, 0, 3, 144.54, 51474, 810
1376, 2, 49, 189, 158, 0, 34.16%, 19, 0, 3, 144.58, 52220, 810
1381, 2, 146, 189, 158, 0, 34.16%, 19, 0, 3, 145.41, 52966, 810
1386, 2, 111, 189, 157, 0, 34.16%, 19, 0, 3, 145.30, 53714, 810
1391, 2, 49, 189, 156, 0, 34.16%, 19, 0, 3, 144.44, 54460, 810
1396, 2, 49, 189, 156, 0, 34.16%, 19, 0, 3, 118.92, 55036, 810
1401, 2, 49, 189, 156, 0, 34.16%, 19, 0, 3, 112.64, 55602, 810
1406, 2, 49, 189, 156, 0, 34.16%, 19, 0, 3, 111.20, 56166, 810
1412, 2, 49, 189, 156, 0, 34.16%, 19, 0, 3, 137.28, 56896, 810
1417, 2, 49, 189, 156, 0, 34.16%, 19, 0, 3, 143.94, 57644, 810
1422, 2, 36, 189, 156, 0, 34.16%, 19, 0, 3, 144.45, 58392, 810
1427, 2, 80, 190, 156, 0, 34.16%, 19, 0, 3, 144.91, 59143, 810
1432, 2, 49, 190, 155, 0, 34.16%, 19, 0, 3, 142.11, 59854, 810
1437, 2, 112, 190, 155, 0, 34.16%, 19, 0, 3, 142.18, 60590, 810
1442, 2, 130, 190, 155, 0, 34.16%, 19, 0, 3, 144.46, 61338, 810
1448, 2, 49, 190, 154, 0, 34.16%, 19, 0, 3, 144.23, 62083, 810
1453, 2, 53, 190, 154, 0, 34.16%, 19, 0, 3, 143.61, 62829, 810
1458, 2, 49, 190, 153, 0, 34.16%, 19, 0, 3, 123.97, 63465, 810
1463, 2, 49, 190, 153, 0, 34.16%, 19, 0, 3, 113.49, 64021, 810
1468, 3, 1, 190, 153, 0, 34.16%, 19, 0, 3, 111.23, 64577, 810
1473, 3, 49, 190, 153, 0, 34.16%, 19, 0, 3, 110.34, 65129, 810
1478, 3, 33, 190, 153, 0, 34.16%, 19, 0, 3, 110.77, 65686, 810
1483, 3, 49, 190, 152, 0, 34.16%, 19, 0, 3, 111.17, 66252, 810
1488, 3, 49, 190, 152, 0, 34.16%, 19, 0, 3, 110.80, 66812, 810
1493, 3, 181, 191, 153, 0, 34.16%, 19, 0, 3, 111.20, 67384, 810
1498, 3, 49, 191, 153, 0, 34.16%, 19, 0, 3, 111.40, 67956, 810
1504, 3, 49, 192, 154, 0, 34.16%, 19, 0, 3, 111.11, 68528, 810
1509, 3, 49, 192, 154, 0, 34.16%, 19, 0, 3, 111.19, 69098, 810
1514, 3, 49, 192, 154, 0, 34.16%, 19, 0, 3, 111.21, 69664, 810
1519, 3, 49, 192, 154, 0, 34.16%, 19, 0, 3, 110.95, 70230, 810
1524, 3, 49, 193, 155, 0, 34.16%, 19, 0, 3, 110.93, 70794, 810
1529, 3, 49, 193, 155, 0, 34.16%, 19, 0, 3, 111.15, 71360, 810
1534, 3, 49, 193, 155, 0, 34.16%, 19, 0, 3, 117.33, 71946, 810
1539, 3, 120, 193, 155, 0, 34.16%, 19, 0, 3, 139.33, 72696, 810
1545, 3, 49, 193, 154, 0, 34.16%, 19, 0, 3, 143.31, 73444, 810
1550, 3, 67, 193, 154, 0, 34.16%, 19, 0, 3, 143.94, 74185, 810
1555, 3, 49, 193, 153, 0, 34.16%, 19, 0, 3, 144.38, 74927, 810
1560, 3, 49, 193, 153, 0, 34.16%, 19, 0, 3, 143.52, 75671, 810
1565, 3, 49, 194, 154, 0, 34.16%, 19, 0, 3, 143.75, 76411, 810
1570, 3, 49, 194, 154, 0, 34.16%, 19, 0, 3, 143.66, 77155, 810
1575, 3, 49, 195, 155, 0, 34.16%, 19, 0, 3, 128.59, 77835, 810
1581, 3, 119, 196, 156, 0, 34.16%, 19, 0, 3, 136.29, 78547, 810
1586, 3, 49, 196, 155, 0, 34.16%, 19, 0, 3, 140.90, 79282, 810
1591, 3, 49, 196, 155, 0, 34.16%, 19, 0, 3, 142.03, 80022, 810
1596, 3, 49, 196, 155, 0, 34.16%, 19, 0, 3, 123.53, 80670, 810
1601, 3, 49, 196, 155, 0, 34.16%, 19, 0, 3, 122.65, 81274, 810
1607, 3, 49, 196, 155, 0, 34.16%, 19, 0, 3, 139.58, 82020, 810
1612, 3, 49, 196, 155, 0, 34.16%, 19, 0, 3, 143.29, 82762, 810
1617, 3, 127, 197, 156, 0, 34.16%, 19, 0, 3, 143.92, 83510, 810
1622, 3, 127, 200, 159, 0, 34.16%, 19, 0, 3, 140.16, 84231, 810
1627, 3, 49, 200, 158, 0, 34.16%, 19, 0, 3, 116.40, 84803, 810
1632, 3, 49, 200, 158, 0, 34.16%, 19, 0, 3, 121.34, 85451, 810
1637, 3, 56, 200, 158, 0, 34.16%, 19, 0, 3, 107.92, 85974, 810
1642, 3, 49, 201, 158, 0, 34.16%, 19, 0, 3, 126.83, 86620, 810
1647, 3, 13, 201, 158, 0, 34.16%, 19, 0, 3, 138.44, 87330, 810
1652, 3, 49, 201, 158, 0, 34.16%, 19, 0, 3, 140.93, 88046, 810
1657, 3, 49, 201, 158, 0, 34.16%, 19, 0, 3, 140.76, 88778, 810
1663, 3, 49, 201, 158, 0, 34.16%, 19, 0, 3, 141.69, 89510, 810
1668, 3, 49, 202, 159, 0, 34.16%, 20, 0, 3, 144.16, 90256, 810
1673, 3, 49, 203, 160, 0, 34.16%, 20, 0, 3, 143.38, 90998, 810
1678, 3, 49, 203, 160, 0, 34.16%, 20, 0, 3, 143.52, 91740, 810
1683, 3, 49, 203, 160, 0, 34.16%, 20, 0, 3, 144.08, 92490, 810
1688, 3, 49, 203, 160, 0, 34.16%, 20, 0, 3, 141.54, 93226, 810
1694, 3, 124, 203, 160, 0, 34.16%, 20, 0, 3, 139.07, 93948, 810
1699, 3, 49, 203, 159, 0, 34.16%, 20, 0, 3, 142.59, 94687, 810
1704, 3, 49, 203, 159, 0, 34.16%, 20, 0, 3, 144.34, 95433, 810
1709, 3, 49, 203, 159, 0, 34.16%, 20, 0, 3, 144.86, 96181, 810
1714, 3, 180, 203, 159, 0, 34.16%, 20, 0, 3, 141.99, 96921, 810
1719, 3, 15, 203, 158, 0, 34.16%, 20, 0, 3, 143.35, 97665, 810
1725, 3, 49, 203, 158, 0, 34.16%, 20, 0, 3, 144.21, 98411, 810
1730, 3, 182, 204, 159, 0, 34.16%, 20, 0, 3, 134.99, 99119, 810
1735, 3, 49, 204, 159, 0, 34.16%, 20, 0, 3, 128.14, 99725, 810
1740, 3, 49, 204, 159, 0, 34.16%, 20, 0, 3, 141.65, 100473, 810
1745, 3, 49, 204, 159, 0, 34.16%, 20, 0, 3, 144.28, 101220, 810
1750, 3, 49, 204, 159, 0, 34.16%, 20, 0, 3, 144.71, 101969, 810
1756, 3, 49, 205, 160, 0, 34.16%, 20, 0, 3, 144.94, 102721, 810
1761, 3, 49, 206, 161, 0, 34.16%, 20, 0, 3, 144.65, 103471, 810
1766, 3, 49, 206, 161, 0, 34.16%, 20, 0, 3, 144.46, 104215, 810
1771, 3, 49, 207, 162, 0, 34.16%, 20, 0, 3, 144.10, 104957, 810
1776, 3, 49, 208, 163, 0, 34.16%, 20, 0, 3, 144.32, 105704, 810
1781, 3, 49, 208, 163, 0, 34.16%, 20, 0, 3, 144.64, 106449, 810
1787, 3, 49, 208, 163, 0, 34.16%, 20, 0, 3, 144.63, 107193, 810
1792, 3, 49, 208, 163, 0, 34.16%, 20, 0, 3, 144.85, 107937, 810
1797, 3, 49, 208, 163, 0, 34.16%, 20, 0, 3, 128.54, 108617, 810
1802, 3, 49, 208, 163, 0, 34.16%, 20, 0, 3, 114.15, 109193, 810
1807, 3, 49, 208, 163, 0, 34.16%, 20, 0, 3, 110.35, 109757, 810
1812, 3, 49, 208, 163, 0, 34.16%, 20, 0, 3, 110.26, 110327, 810
1817, 3, 49, 208, 163, 0, 34.16%, 20, 0, 3, 110.49, 110887, 810
1822, 3, 49, 208, 163, 0, 34.16%, 20, 0, 3, 111.32, 111445, 810
1828, 3, 49, 208, 163, 0, 34.16%, 20, 0, 3, 137.12, 112189, 810
1833, 3, 49, 208, 163, 0, 34.16%, 20, 0, 3, 131.20, 112859, 810
1838, 3, 49, 208, 163, 0, 34.16%, 20, 0, 3, 136.22, 113559, 810
1843, 3, 162, 208, 163, 0, 34.16%, 20, 0, 3, 139.16, 114275, 810
1848, 3, 49, 209, 163, 0, 34.16%, 20, 0, 3, 141.23, 115013, 810
1853, 3, 49, 210, 164, 0, 34.16%, 20, 0, 3, 141.28, 115721, 810
1858, 3, 49, 210, 164, 0, 34.16%, 20, 0, 3, 140.27, 116436, 810
1863, 3, 41, 214, 168, 0, 34.16%, 21, 0, 3, 142.34, 117167, 810
1868, 3, 41, 219, 173, 0, 34.16%, 21, 0, 3, 142.56, 117884, 810
1873, 3, 41, 219, 173, 0, 34.16%, 21, 0, 3, 143.29, 118602, 810
1878, 3, 49, 220, 174, 0, 34.16%, 21, 0, 3, 142.09, 119314, 810
1884, 3, 49, 220, 174, 0, 34.16%, 21, 0, 3, 143.11, 120058, 810
1889, 3, 1, 221, 175, 0, 34.16%, 21, 0, 3, 143.25, 120800, 810
1894, 3, 121, 221, 175, 0, 34.16%, 21, 0, 3, 142.77, 121516, 810
1899, 3, 49, 221, 174, 0, 34.16%, 21, 0, 3, 143.73, 122264, 810
1904, 3, 49, 221, 174, 0, 34.16%, 21, 0, 3, 143.83, 123008, 810
1909, 3, 49, 222, 175, 0, 34.16%, 21, 0, 3, 143.52, 123730, 810
1914, 3, 49, 222, 175, 0, 34.16%, 21, 0, 3, 143.55, 124474, 810
1920, 3, 49, 222, 175, 0, 34.16%, 21, 0, 3, 143.26, 125216, 810
1925, 3, 49, 222, 175, 0, 34.16%, 22, 0, 3, 142.68, 125932, 810
1930, 3, 49, 222, 175, 0, 34.16%, 22, 0, 3, 142.88, 126648, 810
1935, 3, 49, 222, 175, 0, 34.16%, 22, 0, 3, 142.12, 127388, 810
1940, 3, 182, 223, 176, 0, 34.16%, 22, 0, 3, 143.01, 128130, 810
1945, 3, 103, 224, 177, 0, 34.16%, 22, 0, 3, 143.90, 128874, 810
1950, 3, 49, 224, 176, 0, 34.16%, 22, 0, 3, 143.24, 129621, 810
1955, 3, 49, 224, 176, 0, 34.16%, 22, 0, 3, 143.30, 130339, 810
1961, 4, 49, 224, 176, 0, 34.16%, 22, 0, 3, 143.54, 131083, 810
1966, 4, 49, 224, 176, 0, 34.16%, 22, 0, 3, 143.99, 131827, 810
1971, 4, 49, 224, 176, 0, 34.16%, 22, 0, 3, 144.17, 132571, 810
1976, 4, 49, 225, 177, 0, 34.16%, 22, 0, 3, 143.00, 133295, 810
1981, 4, 49, 226, 178, 0, 34.16%, 22, 0, 3, 144.23, 134043, 810
1986, 4, 41, 226, 178, 0, 34.16%, 22, 0, 3, 144.38, 134787, 810
1992, 4, 49, 226, 178, 0, 34.16%, 22, 0, 3, 144.32, 135535, 810
1997, 4, 182, 226, 178, 0, 34.16%, 22, 0, 3, 143.98, 136282, 810
2002, 4, 49, 226, 178, 0, 34.16%, 22, 0, 3, 143.62, 137021, 810
2007, 4, 126, 226, 178, 0, 34.16%, 22, 0, 3, 143.67, 137765, 810
2012, 4, 49, 226, 177, 0, 34.16%, 22, 0, 3, 144.32, 138515, 810
2017, 4, 49, 226, 177, 0, 34.16%, 22, 0, 3, 144.37, 139263, 810
2023, 4, 49, 227, 178, 0, 34.16%, 22, 0, 3, 143.52, 140003, 810
2028, 4, 49, 227, 178, 0, 34.16%, 22, 0, 3, 144.30, 140747, 810
2033, 4, 49, 227, 178, 0, 34.16%, 22, 0, 3, 140.91, 141461, 810
2038, 4, 49, 227, 178, 0, 34.16%, 22, 0, 3, 144.06, 142205, 810
2043, 4, 15, 228, 179, 0, 34.20%, 22, 0, 3, 144.79, 142956, 811
2048, 4, 41, 228, 179, 0, 34.20%, 22, 0, 3, 145.09, 143701, 811
2054, 4, 163, 229, 180, 0, 34.20%, 22, 0, 3, 145.22, 144451, 811
2059, 4, 206, 229, 179, 0, 34.20%, 22, 0, 3, 144.34, 145193, 811
2064, 4, 206, 229, 179, 0, 34.20%, 22, 0, 3, 143.24, 145939, 811
2069, 4, 49, 229, 178, 0, 34.20%, 22, 0, 3, 142.49, 146675, 811
2074, 4, 49, 229, 178, 0, 34.20%, 22, 0, 3, 143.90, 147423, 811
2079, 4, 49, 229, 178, 0, 34.20%, 22, 0, 3, 142.58, 148159, 811
2085, 4, 49, 229, 178, 0, 34.20%, 22, 0, 3, 143.07, 148893, 811
2090, 4, 49, 229, 178, 0, 34.20%, 22, 0, 3, 142.29, 149629, 811
2095, 4, 214, 229, 178, 0, 34.20%, 22, 0, 3, 143.24, 150375, 811
2100, 4, 214, 229, 178, 0, 34.20%, 22, 0, 3, 142.04, 151085, 811
2105, 4, 214, 229, 178, 0, 34.20%, 22, 0, 3, 143.41, 151827, 811
2110, 4, 49, 230, 178, 0, 34.20%, 22, 0, 3, 144.45, 152577, 811
2115, 4, 17, 230, 178, 0, 34.20%, 22, 0, 3, 144.47, 153323, 811
2121, 4, 49, 230, 177, 0, 34.20%, 22, 0, 3, 144.78, 154067, 811
2126, 4, 49, 230, 177, 0, 34.20%, 22, 0, 3, 141.39, 154777, 811
2131, 4, 49, 230, 177, 0, 34.20%, 22, 0, 3, 144.50, 155525, 811
2136, 4, 50, 230, 177, 0, 34.20%, 22, 0, 3, 145.01, 156273, 811
2141, 4, 49, 230, 176, 0, 34.20%, 22, 0, 3, 144.56, 157021, 811
2146, 4, 49, 230, 176, 0, 34.20%, 22, 0, 3, 142.19, 157761, 811
2152, 4, 49, 230, 176, 0, 34.20%, 22, 0, 3, 142.79, 158499, 811
2157, 4, 49, 230, 176, 0, 34.20%, 22, 0, 3, 141.87, 159225, 811
2162, 4, 13, 230, 176, 0, 34.20%, 22, 0, 3, 144.38, 159971, 811
2167, 4, 49, 231, 177, 0, 34.20%, 22, 0, 3, 144.90, 160715, 811
2172, 4, 49, 231, 177, 0, 34.20%, 22, 0, 3, 144.80, 161465, 811
2177, 4, 49, 231, 177, 0, 34.20%, 22, 0, 3, 145.26, 162215, 811
2183, 4, 41, 231, 177, 0, 34.20%, 22, 0, 3, 145.01, 162959, 811
2188, 4, 49, 231, 177, 0, 34.20%, 22, 0, 3, 145.15, 163707, 811
2193, 4, 13, 231, 177, 0, 34.20%, 22, 0, 3, 144.82, 164455, 811
2198, 4, 49, 232, 178, 0, 34.20%, 22, 0, 3, 144.33, 165200, 811
2203, 4, 49, 232, 178, 0, 34.20%, 22, 0, 3, 144.85, 165949, 811
2208, 4, 41, 232, 178, 0, 34.20%, 22, 0, 3, 144.53, 166695, 811
2214, 4, 49, 232, 178, 0, 34.20%, 22, 0, 3, 144.68, 167443, 811
2219, 4, 49, 232, 178, 0, 34.20%, 22, 0, 3, 144.42, 168189, 811
2224, 4, 49, 232, 178, 0, 34.20%, 22, 0, 3, 143.72, 168933, 811
2229, 4, 49, 232, 178, 0, 34.20%, 22, 0, 3, 143.71, 169677, 811
2234, 4, 217, 232, 178, 0, 34.20%, 22, 0, 3, 143.64, 170423, 811
2239, 4, 217, 232, 178, 0, 34.20%, 22, 0, 3, 141.56, 171133, 811
2244, 4, 49, 232, 177, 0, 34.20%, 22, 0, 3, 143.57, 171879, 811
2250, 4, 49, 232, 177, 0, 34.20%, 22, 0, 3, 145.12, 172623, 811
2255, 4, 1, 232, 177, 0, 34.20%, 22, 0, 3, 143.37, 173361, 811
2260, 4, 49, 232, 177, 0, 34.20%, 22, 0, 3, 144.60, 174107, 811
2265, 4, 49, 232, 177, 0, 34.20%, 22, 0, 3, 145.06, 174851, 811
2270, 4, 49, 232, 177, 0, 34.20%, 22, 0, 3, 145.29, 175597, 811
2275, 4, 49, 232, 177, 0, 34.20%, 22, 0, 3, 145.03, 176347, 811
2281, 4, 49, 232, 177, 0, 34.20%, 22, 0, 3, 144.93, 177097, 811
2286, 4, 49, 232, 177, 0, 34.20%, 22, 0, 3, 144.91, 177845, 811
2291, 4, 182, 232, 177, 0, 34.20%, 22, 0, 3, 144.24, 178585, 811
2296, 4, 77, 232, 177, 0, 34.20%, 22, 0, 3, 144.87, 179333, 811
2301, 4, 49, 232, 176, 0, 34.20%, 22, 0, 3, 144.90, 180082, 811
2306, 4, 69, 232, 176, 0, 34.20%, 22, 0, 3, 145.44, 180833, 811
2311, 4, 49, 232, 175, 0, 34.20%, 22, 0, 3, 145.00, 181582, 811
2317, 4, 49, 232, 175, 0, 34.20%, 22, 0, 3, 144.72, 182327, 811
2322, 4, 49, 232, 175, 0, 34.20%, 22, 0, 3, 144.34, 183071, 811
2327, 4, 49, 232, 175, 0, 34.20%, 22, 0, 3, 143.67, 183813, 811
2332, 4, 49, 232, 175, 0, 34.20%, 22, 0, 3, 144.60, 184554, 811
2337, 4, 49, 232, 175, 0, 34.20%, 22, 0, 3, 144.62, 185299, 811
2342, 4, 49, 232, 175, 0, 34.20%, 22, 0, 3, 143.75, 186041, 811
2348, 4, 49, 232, 175, 0, 34.20%, 22, 0, 3, 144.51, 186787, 811
2353, 4, 15, 232, 175, 0, 34.20%, 22, 0, 3, 138.79, 187515, 811
2358, 4, 49, 232, 175, 0, 34.20%, 22, 0, 3, 116.75, 188073, 811
2363, 4, 49, 232, 175, 0, 34.20%, 22, 0, 3, 112.05, 188631, 811
2368, 4, 49, 232, 175, 0, 34.20%, 22, 0, 3, 110.59, 189203, 811
2373, 4, 49, 232, 175, 0, 34.20%, 22, 0, 3, 110.46, 189757, 811
2378, 4, 49, 232, 175, 0, 34.20%, 22, 0, 3, 110.50, 190331, 811
2383, 4, 49, 232, 175, 0, 34.20%, 22, 0, 3, 129.80, 190997, 811
2389, 4, 96, 232, 175, 0, 34.20%, 22, 0, 3, 140.26, 191737, 811
2394, 4, 41, 232, 174, 0, 34.20%, 22, 0, 3, 143.22, 192483, 811
2399, 4, 49, 232, 174, 0, 34.20%, 22, 0, 3, 144.51, 193233, 811
2404, 4, 49, 232, 174, 0, 34.20%, 22, 0, 3, 145.05, 193981, 811
2409, 4, 49, 232, 174, 0, 34.20%, 22, 0, 3, 145.04, 194730, 811
2414, 4, 49, 232, 174, 0, 34.20%, 22, 0, 3, 145.19, 195481, 811
2420, 4, 194, 233, 175, 0, 34.20%, 22, 0, 3, 144.77, 196229, 811
2425, 4, 49, 233, 174, 0, 34.20%, 22, 0, 3, 144.58, 196977, 811
2430, 4, 49, 233, 174, 0, 34.20%, 22, 0, 3, 136.43, 197691, 811
2435, 4, 112, 233, 174, 0, 34.20%, 22, 0, 3, 116.02, 198247, 811
2440, 4, 49, 233, 174, 0, 34.20%, 22, 0, 3, 137.17, 198975, 811
2445, 4, 49, 233, 174, 0, 34.20%, 22, 0, 3, 143.81, 199725, 811
2450, 5, 34, 233, 174, 0, 34.20%, 22, 0, 3, 144.92, 200475, 811
2456, 5, 49, 233, 173, 0, 34.20%, 22, 0, 3, 144.94, 201220, 811
2461, 5, 49, 233, 173, 0, 34.20%, 22, 0, 3, 145.60, 201969, 811
2466, 5, 49, 233, 173, 0, 34.20%, 22, 0, 3, 145.53, 202715, 811
2471, 5, 41, 233, 173, 0, 34.20%, 22, 0, 3, 145.04, 203463, 811
2476, 5, 49, 233, 173, 0, 34.20%, 22, 0, 3, 144.68, 204209, 811
2481, 5, 15, 233, 173, 0, 34.20%, 22, 0, 3, 142.69, 204943, 811
2486, 5, 49, 233, 173, 0, 34.20%, 22, 0, 3, 144.67, 205693, 811
2492, 5, 41, 233, 173, 0, 34.20%, 22, 0, 3, 144.96, 206443, 811
2497, 5, 13, 233, 173, 0, 34.20%, 22, 0, 3, 138.49, 207139, 811
2502, 5, 41, 233, 173, 0, 34.20%, 22, 0, 3, 143.56, 207884, 811
2507, 5, 49, 233, 173, 0, 34.20%, 22, 0, 3, 143.20, 208627, 811
2512, 5, 49, 233, 173, 0, 34.20%, 22, 0, 3, 143.01, 209359, 811
2517, 5, 49, 233, 173, 0, 34.20%, 22, 0, 3, 143.48, 210099, 811
2523, 5, 49, 233, 173, 0, 34.20%, 22, 0, 3, 144.69, 210849, 811
2528, 5, 49, 233, 173, 0, 34.20%, 22, 0, 3, 144.42, 211599, 811
2533, 5, 49, 233, 173, 0, 34.20%, 22, 0, 3, 144.16, 212343, 811
2538, 5, 49, 233, 173, 0, 34.20%, 22, 0, 3, 144.61, 213093, 811
2543, 5, 112, 233, 173, 0, 34.20%, 22, 0, 3, 144.35, 213839, 811
2548, 5, 49, 233, 173, 0, 34.20%, 22, 0, 3, 144.69, 214583, 811
2554, 5, 49, 233, 173, 0, 34.20%, 22, 0, 3, 144.26, 215321, 811
2559, 5, 44, 233, 173, 0, 34.20%, 22, 0, 3, 144.61, 216069, 811
2564, 5, 49, 233, 172, 0, 34.20%, 22, 0, 3, 144.78, 216818, 811
2569, 5, 49, 233, 172, 0, 34.20%, 22, 0, 3, 144.72, 217569, 811
2574, 5, 49, 233, 172, 0, 34.20%, 22, 0, 3, 144.49, 218313, 811
2579, 5, 203, 233, 172, 0, 34.20%, 22, 0, 3, 144.95, 219059, 811
2585, 5, 203, 233, 172, 0, 34.20%, 22, 0, 3, 145.11, 219808, 811
2590, 5, 161, 233, 171, 0, 34.20%, 22, 0, 3, 144.37, 220556, 811
2595, 5, 49, 233, 170, 0, 34.20%, 22, 0, 3, 144.87, 221304, 811
2600, 5, 49, 233, 170, 0, 34.20%, 22, 0, 3, 144.84, 222048, 811
2605, 5, 41, 233, 170, 0, 34.20%, 22, 0, 3, 145.28, 222798, 811
2610, 5, 49, 233, 170, 0, 34.20%, 22, 0, 3, 145.05, 223546, 811
2616, 5, 49, 233, 170, 0, 34.20%, 22, 0, 3, 145.10, 224293, 811
2621, 5, 49, 233, 170, 0, 34.20%, 22, 0, 3, 145.24, 225044, 811
2626, 5, 49, 233, 170, 0, 34.20%, 22, 0, 3, 145.17, 225794, 811
2631, 5, 49, 233, 170, 0, 34.20%, 22, 0, 3, 145.20, 226540, 811
2636, 5, 49, 233, 170, 0, 34.20%, 22, 0, 3, 145.30, 227288, 811
2641, 5, 49, 233, 170, 0, 34.20%, 22, 0, 3, 145.65, 228036, 811
2646, 5, 49, 233, 170, 0, 34.20%, 22, 0, 3, 145.50, 228784, 811
2652, 5, 49, 233, 169, 0, 34.20%, 22, 0, 3, 145.23, 229530, 811
2657, 5, 49, 233, 169, 0, 34.20%, 22, 0, 3, 145.37, 230279, 811
2662, 5, 49, 233, 169, 0, 34.20%, 22, 0, 3, 144.73, 231025, 811
2667, 5, 172, 233, 169, 0, 34.20%, 22, 0, 3, 144.29, 231769, 811
2672, 5, 49, 233, 168, 0, 34.20%, 22, 0, 3, 144.64, 232518, 811
2677, 5, 49, 233, 168, 0, 34.20%, 22, 0, 3, 144.90, 233262, 811
2683, 5, 200, 233, 168, 0, 34.20%, 22, 0, 3, 144.72, 234010, 811
2688, 5, 49, 233, 167, 0, 34.20%, 22, 0, 3, 143.23, 234748, 811
2693, 5, 41, 233, 167, 0, 34.20%, 22, 0, 3, 143.84, 235492, 811
2698, 5, 49, 233, 167, 0, 34.20%, 22, 0, 3, 143.94, 236232, 811
2703, 5, 49, 233, 167, 0, 34.20%, 22, 0, 3, 144.97, 236977, 811
2708, 5, 49, 233, 167, 0, 34.20%, 22, 0, 3, 145.11, 237726, 811
2713, 5, 49, 233, 167, 0, 34.20%, 22, 0, 3, 133.37, 238432, 811
2719, 5, 41, 233, 167, 0, 34.20%, 22, 0, 3, 130.66, 239068, 811
2724, 5, 95, 233, 167, 0, 34.20%, 22, 0, 3, 142.17, 239816, 811
2729, 5, 49, 233, 166, 0, 34.20%, 22, 0, 3, 142.38, 240559, 811
2734, 5, 49, 233, 166, 0, 34.20%, 22, 0, 3, 144.19, 241303, 811
2739, 5, 49, 233, 166, 0, 34.20%, 22, 0, 3, 121.17, 241901, 811
2744, 5, 49, 233, 166, 0, 34.20%, 22, 0, 3, 113.10, 242461, 811
2749, 5, 49, 233, 166, 0, 34.20%, 22, 0, 3, 136.64, 243185, 811
2754, 5, 49, 233, 166, 0, 34.20%, 22, 0, 3, 141.70, 243929, 811
2760, 5, 49, 233, 166, 0, 34.20%, 22, 0, 3, 144.14, 244673, 811
2765, 5, 49, 233, 166, 0, 34.20%, 22, 0, 3, 144.14, 245417, 811
2770, 5, 49, 233, 166, 0, 34.20%, 22, 0, 3, 143.49, 246157, 811
2775, 5, 49, 233, 166, 0, 34.20%, 22, 0, 3, 144.68, 246907, 811
2780, 5, 25, 233, 166, 0, 34.20%, 22, 0, 3, 144.67, 247656, 811
2785, 5, 233, 234, 166, 1, 34.20%, 22, 0, 3, 144.92, 248409, 811
2791, 5, 49, 234, 165, 0, 34.20%, 22, 0, 3, 144.89, 249156, 811
2796, 5, 183, 234, 165, 0, 34.20%, 22, 0, 3, 144.47, 249904, 811
2801, 5, 49, 234, 164, 0, 34.20%, 22, 0, 3, 143.98, 250640, 811
2806, 5, 49, 234, 164, 0, 34.20%, 22, 0, 3, 144.92, 251388, 811
2811, 5, 49, 234, 164, 0, 34.20%, 22, 0, 3, 145.23, 252136, 811
2816, 5, 233, 234, 164, 0, 34.20%, 22, 0, 3, 144.88, 252880, 811
2822, 5, 15, 234, 164, 0, 34.20%, 22, 0, 3, 145.01, 253630, 811
2827, 5, 233, 234, 164, 0, 34.20%, 22, 0, 3, 145.27, 254378, 811
2832, 5, 49, 234, 164, 0, 34.20%, 22, 0, 3, 144.67, 255124, 811
2837, 5, 49, 234, 164, 0, 34.20%, 22, 0, 3, 145.04, 255874, 811
2842, 5, 218, 234, 164, 0, 34.20%, 22, 0, 3, 144.98, 256624, 811
2847, 5, 218, 234, 164, 0, 34.20%, 22, 0, 3, 144.47, 257373, 811
2853, 5, 49, 234, 163, 0, 34.20%, 22, 0, 3, 144.44, 258121, 811
2858, 5, 49, 234, 163, 0, 34.20%, 22, 0, 3, 144.64, 258869, 811
2863, 5, 43, 234, 163, 0, 34.20%, 22, 0, 3, 145.24, 259619, 811
2868, 5, 49, 234, 162, 0, 34.20%, 22, 0, 3, 145.21, 260367, 811
2873, 5, 49, 234, 162, 0, 34.20%, 22, 0, 3, 144.82, 261117, 811
2878, 5, 49, 234, 162, 0, 34.20%, 22, 0, 3, 141.48, 261847, 811
2884, 5, 49, 234, 162, 0, 34.20%, 22, 0, 3, 143.78, 262595, 811
2889, 5, 52, 234, 162, 0, 34.20%, 22, 0, 3, 144.69, 263343, 811
2894, 5, 49, 234, 161, 0, 34.20%, 22, 0, 3, 145.01, 264092, 811
2899, 5, 41, 234, 161, 0, 34.20%, 22, 0, 3, 144.30, 264839, 811
2904, 5, 112, 234, 161, 0, 34.20%, 22, 0, 3, 145.02, 265587, 811
2909, 5, 49, 234, 161, 0, 34.20%, 22, 0, 3, 144.97, 266335, 811
2915, 5, 49, 234, 161, 0, 34.20%, 22, 0, 3, 145.00, 267083, 811
2920, 5, 49, 234, 161, 0, 34.20%, 22, 0, 3, 144.76, 267827, 811
2925, 5, 13, 234, 161, 0, 34.20%, 22, 0, 3, 145.00, 268577, 811
2930, 5, 49, 234, 161, 0, 34.20%, 22, 0, 3, 144.55, 269321, 811
2935, 5, 49, 234, 161, 0, 34.20%, 22, 0, 3, 144.71, 270065, 811
2940, 6, 76, 234, 161, 0, 34.20%, 22, 0, 3, 125.99, 270729, 811
2945, 6, 76, 234, 161, 0, 34.20%, 22, 0, 3, 113.93, 271289, 811
2951, 6, 49, 234, 160, 0, 34.20%, 22, 0, 3, 111.37, 271855, 811
2956, 6, 49, 234, 160, 0, 34.20%, 22, 0, 3, 136.10, 272569, 811
2961, 6, 49, 234, 160, 0, 34.20%, 22, 0, 3, 143.01, 273319, 811
2966, 6, 49, 234, 160, 0, 34.20%, 22, 0, 3, 144.40, 274069, 811
2971, 6, 49, 234, 160, 0, 34.20%, 22, 0, 3, 144.70, 274815, 811
2976, 6, 6, 234, 160, 0, 34.20%, 22, 0, 3, 145.13, 275561, 811
2981, 6, 49, 234, 159, 0, 34.20%, 22, 0, 3, 144.84, 276309, 811
2987, 6, 49, 234, 159, 0, 34.20%, 22, 0, 3, 144.80, 277057, 811
2992, 6, 49, 234, 159, 0, 34.20%, 22, 0, 3, 144.28, 277803, 811
2997, 6, 49, 234, 159, 0, 34.20%, 22, 0, 3, 144.64, 278545, 811
3002, 6, 49, 234, 159, 0, 34.20%, 22, 0, 3, 145.44, 279295, 811
3007, 6, 219, 234, 159, 0, 34.20%, 22, 0, 3, 144.63, 280045, 811
3013, 6, 219, 234, 159, 0, 34.20%, 22, 0, 3, 144.11, 280795, 811
3018, 6, 49, 234, 158, 0, 34.20%, 22, 0, 3, 144.69, 281542, 811
3023, 6, 49, 234, 158, 0, 34.20%, 22, 0, 3, 145.28, 282290, 811
3028, 6, 70, 234, 158, 0, 34.20%, 22, 0, 3, 145.19, 283038, 811
3033, 6, 49, 234, 157, 0, 34.20%, 22, 0, 3, 144.48, 283787, 811
3038, 6, 49, 234, 157, 0, 34.20%, 22, 0, 3, 144.88, 284537, 811
3043, 6, 49, 234, 157, 0, 34.20%, 22, 0, 3, 145.14, 285283, 811
3049, 6, 49, 234, 157, 0, 34.20%, 22, 0, 3, 145.35, 286029, 811
3054, 6, 49, 234, 157, 0, 34.20%, 22, 0, 3, 145.25, 286779, 811
3059, 6, 49, 234, 157, 0, 34.20%, 22, 0, 3, 145.27, 287529, 811
3064, 6, 49, 234, 157, 0, 34.20%, 22, 0, 3, 144.97, 288277, 811
3069, 6, 49, 234, 157, 0, 34.20%, 22, 0, 3, 145.19, 289027, 811
3074, 6, 49, 234, 157, 0, 34.20%, 22, 0, 3, 145.27, 289775, 811
3080, 6, 112, 234, 157, 0, 34.20%, 22, 0, 3, 145.27, 290525, 811
3085, 6, 49, 234, 157, 0, 34.20%, 22, 0, 3, 144.87, 291273, 811
3090, 6, 49, 234, 157, 0, 34.20%, 22, 0, 3, 145.27, 292021, 811
3095, 6, 49, 234, 157, 0, 34.20%, 22, 0, 3, 145.16, 292769, 811
3100, 6, 49, 234, 157, 0, 34.20%, 22, 0, 3, 145.13, 293519, 811
3105, 6, 49, 234, 157, 0, 34.20%, 22, 0, 3, 145.80, 294268, 811
3110, 6, 49, 234, 157, 0, 34.20%, 22, 0, 3, 145.06, 295013, 811
3116, 6, 49, 234, 157, 0, 34.20%, 22, 0, 3, 145.10, 295757, 811
3121, 6, 49, 234, 157, 0, 34.20%, 22, 0, 3, 145.04, 296505, 811
3126, 6, 49, 234, 157, 0, 34.20%, 22, 0, 3, 145.00, 297255, 811
3131, 6, 49, 234, 157, 0, 34.20%, 22, 0, 3, 144.87, 298005, 811
3136, 6, 113, 234, 157, 0, 34.20%, 22, 0, 3, 144.74, 298754, 811
3141, 6, 15, 234, 156, 0, 34.20%, 22, 0, 3, 145.21, 299504, 811
3147, 6, 181, 234, 156, 0, 34.20%, 22, 0, 3, 145.29, 300254, 811
3152, 6, 49, 234, 156, 0, 34.20%, 22, 0, 3, 145.14, 301002, 811
3157, 6, 49, 234, 156, 0, 34.20%, 22, 0, 3, 145.19, 301752, 811
3162, 6, 49, 234, 156, 0, 34.20%, 22, 0, 3, 145.24, 302500, 811
3167, 6, 49, 234, 156, 0, 34.20%, 22, 0, 3, 145.14, 303249, 811
3172, 6, 49, 234, 156, 0, 34.20%, 22, 0, 3, 145.43, 303998, 811
3178, 6, 49, 234, 156, 0, 34.20%, 22, 0, 3, 144.77, 304738, 811
3183, 6, 220, 234, 156, 0, 34.20%, 22, 0, 3, 144.27, 305488, 811
3188, 6, 220, 234, 156, 0, 34.20%, 22, 0, 3, 144.27, 306238, 811
3193, 6, 20, 234, 155, 0, 34.20%, 22, 0, 3, 144.99, 306988, 811
3198, 6, 49, 234, 154, 0, 34.20%, 22, 0, 3, 140.72, 307719, 811
3203, 6, 49, 234, 154, 0, 34.20%, 22, 0, 3, 117.45, 308285, 811
3208, 6, 49, 234, 154, 0, 34.20%, 22, 0, 3, 112.13, 308847, 811
3214, 6, 49, 234, 154, 0, 34.20%, 22, 0, 3, 137.84, 309585, 811
3219, 6, 132, 234, 154, 0, 34.20%, 22, 0, 3, 143.49, 310333, 811
3224, 6, 175, 234, 153, 0, 34.20%, 22, 0, 3, 144.71, 311083, 811
3229, 6, 49, 234, 152, 0, 34.20%, 22, 0, 3, 143.15, 311825, 811
3234, 6, 41, 234, 152, 0, 34.20%, 22, 0, 3, 143.94, 312571, 811
3239, 6, 49, 234, 152, 0, 34.20%, 22, 0, 3, 145.19, 313319, 811
3245, 6, 49, 234, 152, 0, 34.20%, 22, 0, 3, 145.32, 314069, 811
3250, 6, 49, 234, 152, 0, 34.20%, 22, 0, 3, 145.30, 314817, 811
3255, 6, 176, 234, 152, 0, 34.20%, 22, 0, 3, 145.12, 315567, 811
3260, 6, 49, 234, 151, 0, 34.20%, 22, 0, 3, 145.01, 316314, 811
3265, 6, 49, 234, 151, 0, 34.20%, 22, 0, 3, 144.55, 317062, 811
3270, 6, 49, 234, 151, 0, 34.20%, 22, 0, 3, 144.77, 317808, 811
3275, 6, 41, 234, 151, 0, 34.20%, 22, 0, 3, 144.83, 318554, 811
3281, 6, 89, 234, 151, 0, 34.20%, 22, 0, 3, 144.64, 319300, 811
3286, 6, 49, 234, 150, 0, 34.20%, 22, 0, 3, 145.49, 320049, 811
3291, 6, 13, 234, 150, 0, 34.20%, 22, 0, 3, 145.19, 320798, 811
3296, 6, 135, 234, 150, 0, 34.20%, 22, 0, 3, 145.02, 321547, 811
3301, 6, 49, 234, 149, 0, 34.20%, 22, 0, 3, 145.32, 322295, 811
3306, 6, 49, 234, 149, 0, 34.20%, 22, 0, 3, 144.88, 323044, 811
3312, 6, 49, 234, 149, 0, 34.20%, 22, 0, 3, 144.32, 323783, 811
3317, 6, 49, 234, 149, 0, 34.20%, 22, 0, 3, 145.00, 324531, 811
3322, 6, 49, 234, 149, 0, 34.20%, 22, 0, 3, 145.02, 325277, 811
3327, 6, 49, 234, 149, 0, 34.20%, 22, 0, 3, 145.35, 326023, 811
3332, 6, 49, 234, 149, 0, 34.20%, 22, 0, 3, 144.82, 326771, 811
3337, 6, 49, 234, 149, 0, 34.20%, 22, 0, 3, 144.53, 327517, 811
3343, 6, 134, 234, 149, 0, 34.20%, 22, 0, 3, 144.84, 328267, 811
3348, 6, 49, 234, 148, 0, 34.20%, 22, 0, 3, 144.85, 329017, 811
3353, 6, 49, 234, 148, 0, 34.20%, 22, 0, 3, 144.65, 329765, 811
3358, 6, 49, 234, 148, 0, 34.20%, 22, 0, 3, 144.64, 330511, 811
3363, 6, 41, 234, 148, 0, 34.20%, 22, 0, 3, 144.83, 331256, 811
3368, 6, 49, 234, 148, 0, 34.20%, 22, 0, 3, 144.88, 332007, 811
3374, 6, 49, 234, 148, 0, 34.20%, 22, 0, 3, 144.26, 332751, 811
3379, 6, 49, 234, 148, 0, 34.20%, 22, 0, 3, 144.49, 333495, 811
3384, 6, 49, 234, 148, 0, 34.20%, 22, 0, 3, 143.07, 334237, 811
3389, 6, 49, 234, 148, 0, 34.20%, 22, 0, 3, 142.75, 334969, 811
3394, 6, 233, 234, 148, 0, 34.20%, 22, 0, 3, 141.57, 335704, 811
3399, 6, 49, 234, 148, 0, 34.20%, 22, 0, 3, 133.76, 336335, 811
3404, 6, 49, 234, 148, 0, 34.20%, 22, 0, 3, 143.31, 337083, 811
3410, 6, 49, 234, 148, 0, 34.20%, 22, 0, 3, 143.58, 337823, 811
3415, 6, 49, 234, 148, 0, 34.20%, 22, 0, 3, 144.89, 338573, 811
3420, 6, 49, 234, 148, 0, 34.20%, 22, 0, 3, 144.83, 339319, 811
3425, 7, 49, 234, 148, 0, 34.20%, 22, 0, 3, 144.97, 340065, 811
3430, 7, 49, 234, 148, 0, 34.20%, 22, 0, 3, 145.48, 340815, 811
3435, 7, 49, 234, 148, 0, 34.20%, 22, 0, 3, 145.21, 341563, 811
3440, 7, 49, 234, 148, 0, 34.20%, 22, 0, 3, 145.30, 342307, 811
3446, 7, 49, 234, 148, 0, 34.20%, 22, 0, 3, 145.21, 343051, 811
3451, 7, 49, 234, 148, 0, 34.20%, 22, 0, 3, 144.68, 343793, 811
3456, 7, 49, 234, 148, 0, 34.20%, 22, 0, 3, 144.99, 344541, 811
3461, 7, 37, 234, 148, 0, 34.20%, 22, 0, 3, 143.96, 345287, 811
3466, 7, 49, 234, 147, 0, 34.20%, 22, 0, 3, 145.10, 346031, 811
3471, 7, 49, 234, 147, 0, 34.20%, 22, 0, 3, 145.21, 346781, 811
3476, 7, 71, 234, 147, 0, 34.20%, 22, 0, 3, 143.90, 347523, 811
3482, 7, 41, 234, 146, 0, 34.20%, 22, 0, 3, 145.15, 348274, 811
3487, 7, 49, 234, 146, 0, 34.20%, 22, 0, 3, 127.29, 348944, 811
3492, 7, 16, 234, 146, 0, 34.20%, 22, 0, 3, 114.31, 349508, 811
3497, 7, 49, 234, 145, 0, 34.20%, 22, 0, 3, 135.82, 350219, 811
3502, 7, 185, 234, 145, 0, 34.20%, 22, 0, 3, 142.02, 350959, 811
3507, 7, 49, 234, 144, 0, 34.20%, 22, 0, 3, 143.66, 351706, 811
3513, 7, 49, 234, 144, 0, 34.20%, 22, 0, 3, 144.03, 352450, 811
3518, 7, 136, 234, 144, 0, 34.20%, 22, 0, 3, 144.93, 353199, 811
3523, 7, 213, 234, 143, 0, 34.20%, 22, 0, 3, 144.24, 353947, 811
3528, 7, 213, 234, 143, 0, 34.20%, 22, 0, 3, 144.46, 354697, 811
3533, 7, 41, 234, 142, 0, 34.20%, 22, 0, 3, 143.59, 355438, 811
3538, 7, 49, 234, 142, 0, 34.20%, 22, 0, 3, 144.73, 356184, 811
3544, 7, 49, 234, 142, 0, 34.20%, 22, 0, 3, 144.95, 356930, 811
3549, 7, 49, 234, 142, 0, 34.20%, 22, 0, 3, 145.29, 357677, 811
3554, 7, 49, 234, 142, 0, 34.20%, 22, 0, 3, 145.32, 358426, 811
3559, 7, 28, 234, 142, 0, 34.20%, 22, 0, 3, 144.99, 359174, 811
3564, 7, 49, 234, 141, 0, 34.20%, 22, 0, 3, 145.34, 359924, 811
3569, 7, 181, 234, 141, 0, 34.20%, 22, 0, 3, 145.09, 360674, 811
3574, 7, 49, 234, 141, 0, 34.20%, 22, 0, 3, 144.05, 361412, 811
3580, 7, 112, 234, 141, 0, 34.20%, 22, 0, 3, 144.76, 362162, 811
3585, 7, 49, 234, 141, 0, 34.20%, 22, 0, 3, 145.08, 362910, 811
3590, 7, 49, 234, 141, 0, 34.20%, 22, 0, 3, 144.95, 363658, 811
3595, 7, 49, 234, 141, 0, 34.20%, 22, 0, 3, 144.82, 364408, 811
3600, 7, 49, 234, 141, 0, 34.20%, 22, 0, 3, 145.28, 365158, 811
3605, 7, 49, 234, 141, 0, 34.20%, 22, 0, 3, 145.22, 365906, 811
3611, 7, 49, 234, 141, 0, 34.20%, 22, 0, 3, 143.46, 366650, 811
3616, 7, 49, 234, 141, 0, 34.20%, 22, 0, 3, 134.78, 367308, 811
3621, 7, 41, 234, 141, 0, 34.20%, 22, 0, 3, 142.44, 368054, 811
3626, 7, 49, 234, 141, 0, 34.20%, 22, 0, 3, 144.36, 368798, 811
3631, 7, 49, 234, 141, 0, 34.20%, 22, 0, 3, 145.18, 369542, 811
3636, 7, 49, 234, 141, 0, 34.20%, 22, 0, 3, 145.12, 370290, 811
3642, 7, 49, 234, 141, 0, 34.20%, 22, 0, 3, 145.32, 371040, 811
3647, 7, 13, 234, 141, 0, 34.20%, 22, 0, 3, 144.70, 371788, 811
3652, 7, 49, 234, 141, 0, 34.20%, 22, 0, 3, 145.09, 372532, 811
3657, 7, 49, 234, 141, 0, 34.20%, 22, 0, 3, 145.11, 373277, 811
3662, 7, 49, 234, 141, 0, 34.20%, 23, 0, 3, 145.03, 374022, 811
3667, 7, 49, 234, 141, 0, 34.20%, 23, 0, 3, 145.52, 374770, 811
3672, 7, 49, 234, 141, 0, 34.20%, 23, 0, 3, 143.93, 375510, 811
3678, 7, 13, 234, 141, 0, 34.20%, 23, 0, 3, 144.84, 376260, 811
3683, 7, 49, 234, 141, 0, 34.20%, 23, 0, 3, 144.86, 377004, 811
3688, 7, 49, 234, 141, 0, 34.20%, 23, 0, 3, 145.25, 377754, 811
3693, 7, 49, 234, 141, 0, 34.20%, 23, 0, 3, 144.54, 378500, 811
3698, 7, 49, 234, 141, 0, 34.20%, 23, 0, 3, 144.29, 379244, 811
3703, 7, 49, 234, 141, 0, 34.20%, 23, 0, 3, 144.28, 379989, 811
3709, 7, 49, 234, 141, 0, 34.20%, 23, 0, 3, 144.47, 380733, 811
3714, 7, 141, 234, 141, 0, 34.20%, 23, 0, 3, 144.89, 381478, 811
3719, 7, 49, 234, 140, 0, 34.20%, 23, 0, 3, 145.18, 382226, 811
3724, 7, 223, 234, 140, 0, 34.20%, 23, 0, 3, 144.85, 382976, 811
3729, 7, 223, 234, 140, 0, 34.20%, 23, 0, 3, 143.71, 383696, 811
3734, 7, 49, 234, 139, 0, 34.20%, 23, 0, 3, 144.55, 384446, 811
3739, 7, 49, 234, 139, 0, 34.20%, 23, 0, 3, 142.46, 385180, 811
3745, 7, 49, 234, 139, 0, 34.20%, 23, 0, 3, 142.78, 385924, 811
3750, 7, 49, 234, 139, 0, 34.20%, 23, 0, 3, 143.94, 386661, 811
3755, 7, 49, 234, 139, 0, 34.20%, 23, 0, 3, 144.43, 387405, 811
3760, 7, 49, 234, 139, 0, 34.20%, 23, 0, 3, 142.83, 388144, 811
3765, 7, 61, 234, 139, 0, 34.20%, 23, 0, 3, 143.79, 388888, 811
3770, 7, 49, 234, 138, 0, 34.20%, 23, 0, 3, 143.65, 389627, 811
3776, 7, 49, 234, 138, 0, 34.20%, 23, 0, 3, 143.79, 390369, 811
3781, 7, 233, 234, 138, 0, 34.20%, 23, 0, 3, 144.80, 391119, 811
3786, 7, 49, 234, 138, 0, 34.20%, 23, 0, 3, 144.85, 391869, 811
3791, 7, 49, 234, 138, 0, 34.20%, 23, 0, 3, 145.30, 392619, 811
3796, 7, 49, 234, 138, 0, 34.20%, 23, 0, 3, 145.32, 393369, 811
3801, 7, 49, 234, 138, 0, 34.20%, 23, 0, 3, 144.80, 394115, 811
3806, 7, 49, 234, 138, 0, 34.20%, 23, 0, 3, 145.49, 394863, 811
3812, 7, 49, 234, 138, 0, 34.20%, 23, 0, 3, 144.93, 395610, 811
3817, 7, 49, 234, 138, 0, 34.20%, 23, 0, 3, 144.66, 396354, 811
3822, 7, 49, 234, 138, 0, 34.20%, 23, 0, 3, 144.03, 397099, 811
3827, 7, 49, 234, 138, 0, 34.20%, 23, 0, 3, 144.61, 397847, 811
3832, 7, 49, 234, 138, 0, 34.20%, 23, 0, 3, 144.78, 398593, 811
3837, 7, 49, 234, 138, 0, 34.20%, 23, 0, 3, 144.87, 399337, 811
3843, 7, 49, 234, 138, 0, 34.20%, 23, 0, 3, 145.26, 400087, 811
3848, 7, 49, 234, 138, 0, 34.20%, 23, 0, 3, 144.69, 400833, 811
3853, 7, 49, 234, 138, 0, 34.20%, 23, 0, 3, 145.06, 401582, 811
3858, 7, 49, 234, 138, 0, 34.20%, 23, 0, 3, 143.16, 402327, 811
3863, 7, 181, 234, 138, 0, 34.20%, 23, 0, 3, 144.00, 403075, 811
3868, 7, 49, 234, 138, 0, 34.20%, 23, 0, 3, 144.11, 403821, 811
3874, 7, 49, 234, 138, 0, 34.20%, 23, 0, 3, 144.62, 404566, 811
3879, 7, 49, 234, 138, 0, 34.20%, 23, 0, 3, 143.57, 405310, 811
3884, 7, 49, 235, 139, 0, 34.20%, 23, 0, 3, 144.55, 406054, 811
3889, 7, 41, 240, 144, 0, 34.20%, 23, 0, 3, 142.11, 406772, 811
3894, 7, 41, 244, 148, 0, 34.20%, 23, 0, 3, 141.06, 407478, 811
3899, 7, 49, 245, 149, 0, 34.20%, 23, 0, 3, 142.64, 408208, 811
3904, 7, 49, 245, 149, 0, 34.20%, 23, 0, 3, 143.74, 408956, 811
3909, 7, 49, 245, 149, 0, 34.20%, 23, 0, 3, 144.67, 409706, 811
3915, 7, 49, 245, 149, 0, 34.20%, 23, 0, 3, 145.29, 410450, 811
3920, 7, 49, 245, 149, 0, 34.20%, 23, 0, 3, 144.56, 411194, 811
3925, 7, 160, 245, 149, 0, 34.20%, 23, 0, 3, 144.21, 411940, 811
3930, 7, 49, 245, 148, 0, 34.20%, 23, 0, 3, 143.70, 412679, 811
3935, 8, 49, 245, 148, 0, 34.20%, 23, 0, 3, 143.33, 413419, 811
3940, 8, 49, 245, 148, 0, 34.20%, 23, 0, 3, 143.92, 414165, 811
3946, 8, 49, 245, 148, 0, 34.20%, 23, 0, 3, 144.79, 414909, 811
3951, 8, 49, 245, 148, 0, 34.20%, 23, 0, 3, 144.88, 415653, 811
3956, 8, 49, 245, 148, 0, 34.20%, 23, 0, 3, 143.24, 416391, 811
3961, 8, 49, 246, 149, 0, 34.20%, 23, 0, 3, 144.25, 417137, 811
3966, 8, 35, 246, 149, 0, 34.20%, 23, 0, 3, 144.97, 417885, 811
3971, 8, 49, 246, 148, 0, 34.20%, 23, 0, 3, 145.53, 418635, 811
3976, 8, 49, 246, 148, 0, 34.20%, 23, 0, 3, 145.05, 419383, 811
3982, 8, 13, 246, 148, 0, 34.20%, 23, 0, 3, 144.28, 420121, 811
3987, 8, 41, 246, 148, 0, 34.20%, 23, 0, 3, 144.48, 420865, 811
3992, 8, 49, 246, 148, 0, 34.20%, 23, 0, 3, 144.36, 421609, 811
3997, 8, 13, 246, 148, 0, 34.20%, 23, 0, 3, 145.10, 422359, 811
4002, 8, 49, 246, 148, 0, 34.20%, 23, 0, 3, 144.97, 423105, 811
4007, 8, 49, 246, 148, 0, 34.20%, 23, 0, 3, 144.37, 423853, 811
4013, 8, 49, 246, 148, 0, 34.20%, 23, 0, 3, 145.31, 424603, 811
4018, 8, 49, 246, 148, 0, 34.20%, 23, 0, 3, 144.76, 425349, 811
4023, 8, 49, 246, 148, 0, 34.20%, 23, 0, 3, 144.32, 426087, 811
4028, 8, 231, 246, 148, 0, 34.20%, 23, 0, 3, 145.12, 426837, 811
4033, 8, 49, 246, 147, 0, 34.20%, 23, 0, 3, 145.34, 427587, 811
4038, 8, 2, 246, 147, 0, 34.20%, 23, 0, 3, 144.90, 428336, 811
4043, 8, 49, 246, 146, 0, 34.20%, 23, 0, 3, 144.93, 429084, 811
4049, 8, 49, 246, 146, 0, 34.20%, 23, 0, 3, 145.35, 429832, 811
4054, 8, 49, 246, 146, 0, 34.20%, 23, 0, 3, 143.86, 430574, 811
4059, 8, 49, 246, 146, 0, 34.20%, 23, 0, 3, 144.56, 431320, 811
4064, 8, 49, 246, 146, 0, 34.20%, 23, 0, 3, 144.77, 432065, 811
4069, 8, 49, 246, 146, 0, 34.20%, 23, 0, 3, 144.65, 432808, 811
4074, 8, 49, 246, 146, 0, 34.20%, 23, 0, 3, 144.26, 433554, 811
4080, 8, 236, 246, 146, 0, 34.20%, 23, 0, 3, 142.49, 434290, 811
4085, 8, 236, 246, 146, 0, 34.20%, 23, 0, 3, 140.10, 434996, 811
4090, 8, 13, 246, 145, 0, 34.20%, 23, 0, 3, 143.68, 435738, 811
4095, 8, 41, 246, 145, 0, 34.20%, 23, 0, 3, 144.88, 436488, 811
4100, 8, 49, 246, 145, 0, 34.20%, 23, 0, 3, 144.58, 437234, 811
4105, 8, 49, 246, 145, 0, 34.20%, 23, 0, 3, 134.82, 437944, 811
4110, 8, 49, 246, 145, 0, 34.20%, 23, 0, 3, 115.81, 438504, 811
4116, 8, 49, 246, 145, 0, 34.20%, 23, 0, 3, 111.69, 439078, 811
4121, 8, 49, 246, 145, 0, 34.20%, 23, 0, 3, 110.98, 439632, 811
4126, 8, 49, 246, 145, 0, 34.20%, 23, 0, 3, 110.66, 440186, 811
4131, 8, 49, 246, 145, 0, 34.20%, 23, 0, 3, 134.57, 440894, 811
4136, 8, 144, 248, 147, 0, 34.20%, 23, 0, 3, 141.39, 441635, 811
4141, 8, 49, 248, 146, 0, 34.20%, 23, 0, 3, 144.32, 442383, 811
4146, 8, 49, 248, 146, 0, 34.20%, 23, 0, 3, 144.85, 443131, 811
4151, 8, 181, 248, 146, 0, 34.20%, 23, 0, 3, 144.41, 443881, 811
4156, 8, 49, 248, 146, 0, 34.20%, 23, 0, 3, 144.75, 444625, 811
4162, 8, 49, 248, 146, 0, 34.20%, 23, 0, 3, 144.99, 445373, 811
4167, 8, 49, 248, 146, 0, 34.20%, 23, 0, 3, 144.89, 446120, 811
4172, 8, 49, 248, 146, 0, 34.20%, 23, 0, 3, 121.60, 446747, 811
4177, 8, 13, 248, 146, 0, 34.20%, 23, 0, 3, 139.67, 447489, 811
4182, 8, 49, 248, 146, 0, 34.20%, 23, 0, 3, 143.62, 448237, 811
4187, 8, 49, 252, 150, 0, 34.20%, 23, 0, 3, 141.61, 448971, 811
4193, 8, 49, 252, 150, 0, 34.20%, 23, 0, 3, 144.14, 449719, 811
4198, 8, 49, 252, 150, 0, 34.20%, 23, 0, 3, 144.44, 450463, 811
4203, 8, 49, 252, 150, 0, 34.20%, 23, 0, 3, 144.40, 451208, 811
4208, 8, 49, 252, 150, 0, 34.20%, 23, 0, 3, 145.01, 451955, 811
4213, 8, 49, 252, 150, 0, 34.20%, 23, 0, 3, 144.80, 452701, 811
4218, 8, 49, 252, 150, 0, 34.20%, 23, 0, 3, 140.39, 453435, 811
4224, 8, 49, 252, 150, 0, 34.20%, 23, 0, 3, 134.80, 454089, 811
4229, 8, 133, 252, 150, 0, 34.20%, 23, 0, 3, 142.50, 454835, 811
4234, 8, 49, 252, 149, 0, 34.20%, 23, 0, 3, 144.32, 455583, 811
4239, 8, 181, 252, 149, 0, 34.20%, 23, 0, 3, 144.27, 456328, 811
4244, 8, 49, 252, 149, 0, 34.20%, 23, 0, 3, 144.04, 457073, 811
4249, 8, 49, 252, 149, 0, 34.20%, 23, 0, 3, 143.34, 457811, 811
4255, 8, 41, 252, 149, 0, 34.20%, 23, 0, 3, 144.85, 458561, 811
4260, 8, 49, 252, 149, 0, 34.20%, 23, 0, 3, 145.12, 459309, 811
4265, 8, 187, 252, 149, 0, 34.20%, 23, 0, 3, 145.05, 460059, 811
4270, 8, 49, 252, 148, 0, 34.20%, 23, 0, 3, 145.08, 460807, 811
4275, 8, 49, 252, 148, 0, 34.20%, 23, 0, 3, 143.85, 461551, 811
4280, 8, 237, 252, 148, 0, 34.20%, 23, 0, 3, 144.04, 462299, 811
4286, 8, 237, 252, 148, 0, 34.20%, 23, 0, 3, 140.17, 463021, 811
4291, 8, 49, 252, 147, 0, 34.20%, 23, 0, 3, 142.14, 463752, 811
4296, 8, 49, 252, 147, 0, 34.20%, 23, 0, 3, 144.35, 464496, 811
4301, 8, 49, 252, 147, 0, 34.20%, 23, 0, 3, 143.33, 465236, 811
4306, 8, 13, 252, 147, 0, 34.20%, 23, 0, 3, 143.62, 465976, 811
4311, 8, 191, 252, 147, 0, 34.20%, 23, 0, 3, 144.57, 466725, 811
4317, 8, 49, 252, 146, 0, 34.20%, 23, 0, 3, 144.42, 467469, 811
4322, 8, 49, 252, 146, 0, 34.20%, 23, 0, 3, 144.40, 468214, 811
4327, 8, 49, 252, 146, 0, 34.20%, 23, 0, 3, 144.83, 468964, 811
4332, 8, 49, 252, 146, 0, 34.20%, 23, 0, 3, 145.21, 469712, 811
4337, 8, 60, 252, 146, 0, 34.20%, 23, 0, 3, 144.88, 470458, 811
4342, 8, 49, 252, 145, 0, 34.20%, 23, 0, 3, 144.65, 471207, 811
4348, 8, 41, 252, 145, 0, 34.20%, 23, 0, 3, 143.99, 471953, 811
4353, 8, 49, 252, 145, 0, 34.20%, 23, 0, 3, 144.67, 472701, 811
4358, 8, 49, 252, 145, 0, 34.20%, 23, 0, 3, 144.42, 473447, 811
4363, 8, 49, 252, 145, 0, 34.20%, 23, 0, 3, 144.19, 474193, 811
4368, 8, 41, 252, 145, 0, 34.20%, 23, 0, 3, 144.45, 474937, 811
4373, 8, 13, 252, 145, 0, 34.20%, 23, 0, 3, 144.78, 475681, 811
4379, 8, 15, 252, 144, 0, 34.20%, 23, 0, 3, 144.32, 476430, 811
4384, 8, 49, 252, 144, 0, 34.20%, 23, 0, 3, 145.05, 477180, 811
4389, 8, 49, 252, 144, 0, 34.20%, 23, 0, 3, 145.40, 477930, 811
4394, 8, 49, 252, 144, 0, 34.20%, 23, 0, 3, 145.16, 478680, 811
4399, 8, 49, 252, 144, 0, 34.20%, 23, 0, 3, 145.27, 479428, 811
4404, 8, 49, 252, 144, 0, 34.20%, 23, 0, 3, 144.94, 480176, 811
4410, 8, 49, 252, 144, 0, 34.20%, 23, 0, 3, 145.24, 480926, 811
4415, 8, 49, 252, 144, 0, 34.20%, 23, 0, 3, 143.50, 481670, 811
4420, 8, 49, 252, 144, 0, 34.20%, 23, 0, 3, 144.22, 482416, 811
4425, 8, 49, 252, 144, 0, 34.20%, 23, 0, 3, 144.69, 483162, 811
4430, 8, 49, 252, 144, 0, 34.20%, 23, 0, 3, 144.95, 483910, 811
4435, 8, 49, 252, 144, 0, 34.20%, 23, 0, 3, 145.09, 484656, 811
4440, 8, 49, 252, 144, 0, 34.20%, 23, 0, 3, 144.96, 485400, 811
4446, 8, 49, 252, 144, 0, 34.20%, 23, 0, 3, 144.65, 486146, 811
4451, 8, 49, 252, 144, 0, 34.20%, 23, 0, 3, 144.83, 486896, 811
4456, 8, 49, 252, 144, 0, 34.20%, 23, 0, 3, 144.78, 487644, 811
4461, 9, 49, 252, 144, 0, 34.20%, 23, 0, 3, 144.52, 488390, 811
4466, 9, 11, 252, 144, 0, 34.20%, 23, 0, 3, 144.74, 489138, 811
4471, 9, 49, 252, 143, 0, 34.20%, 23, 0, 3, 143.10, 489876, 811
4477, 9, 49, 252, 143, 0, 34.20%, 23, 0, 3, 143.84, 490613, 811
4482, 9, 49, 252, 143, 0, 34.20%, 23, 0, 3, 143.14, 491355, 811
4487, 9, 49, 252, 143, 0, 34.20%, 23, 0, 3, 144.53, 492103, 811
4492, 9, 49, 252, 143, 0, 34.20%, 23, 0, 3, 145.28, 492847, 811
4497, 9, 49, 252, 143, 0, 34.20%, 23, 0, 3, 145.13, 493597, 811
4502, 9, 49, 252, 143, 0, 34.20%, 23, 0, 3, 145.18, 494341, 811
4507, 9, 249, 252, 143, 0, 34.20%, 23, 0, 3, 142.20, 495073, 811
4513, 9, 249, 252, 143, 0, 34.20%, 23, 0, 3, 138.21, 495773, 811
4518, 9, 49, 252, 142, 0, 34.20%, 23, 0, 3, 142.77, 496507, 811
4523, 9, 49, 252, 142, 0, 34.20%, 23, 0, 3, 144.22, 497251, 811
4528, 9, 49, 252, 142, 0, 34.20%, 23, 0, 3, 144.99, 497995, 811
4533, 9, 49, 252, 142, 0, 34.20%, 23, 0, 3, 144.63, 498743, 811
4538, 9, 49, 252, 142, 0, 34.20%, 23, 0, 3, 144.77, 499490, 811
4543, 9, 49, 252, 142, 0, 34.20%, 23, 0, 3, 144.98, 500235, 811
4549, 9, 181, 252, 142, 0, 34.20%, 23, 0, 3, 145.08, 500981, 811
4554, 9, 49, 252, 142, 0, 34.20%, 23, 0, 3, 144.85, 501729, 811
4559, 9, 49, 252, 142, 0, 34.20%, 23, 0, 3, 144.00, 502474, 811
4564, 9, 49, 252, 142, 0, 34.20%, 23, 0, 3, 144.94, 503225, 811
4569, 9, 13, 252, 142, 0, 34.20%, 23, 0, 3, 144.87, 503974, 811
4574, 9, 49, 252, 142, 0, 34.20%, 23, 0, 3, 145.10, 504721, 811
4580, 9, 49, 252, 142, 0, 34.20%, 23, 0, 3, 145.13, 505469, 811
4585, 9, 49, 252, 142, 0, 34.20%, 23, 0, 3, 144.78, 506219, 811
4590, 9, 179, 252, 142, 0, 34.20%, 23, 0, 3, 144.98, 506968, 811
4595, 9, 49, 252, 141, 0, 34.20%, 23, 0, 3, 144.93, 507714, 811
4600, 9, 49, 252, 141, 0, 34.20%, 23, 0, 3, 144.77, 508460, 811
4605, 9, 49, 252, 141, 0, 34.20%, 23, 0, 3, 144.63, 509202, 811
4611, 9, 49, 253, 142, 0, 34.20%, 23, 0, 3, 143.82, 509948, 811
4616, 9, 49, 253, 142, 0, 34.20%, 23, 0, 3, 144.86, 510698, 811
4621, 9, 49, 253, 142, 0, 34.20%, 23, 0, 3, 144.14, 511396, 811
4682, 10, 140, 262, 235, 0, 33.48%, 15, 0, 2, 143.00, 11566, 761
4687, 10, 140, 263, 236, 0, 33.48%, 15, 0, 2, 143.22, 12304, 761
4692, 10, 212, 263, 236, 0, 33.48%, 15, 0, 2, 143.55, 13022, 761
4698, 10, 140, 263, 235, 0, 33.48%, 15, 0, 2, 143.09, 13763, 761
4703, 10, 140, 263, 235, 0, 33.48%, 15, 0, 2, 143.89, 14505, 761
4708, 10, 140, 263, 235, 0, 33.48%, 15, 0, 2, 144.20, 15250, 761
4713, 10, 19, 263, 235, 0, 33.48%, 15, 0, 2, 144.29, 15995, 761
4718, 10, 140, 263, 235, 0, 33.48%, 16, 0, 2, 144.79, 16739, 761
4723, 10, 140, 263, 235, 0, 33.48%, 16, 0, 2, 144.76, 17485, 761
4728, 10, 174, 264, 236, 0, 33.48%, 16, 0, 2, 144.20, 18207, 761
4733, 10, 140, 264, 235, 0, 33.48%, 16, 0, 2, 144.61, 18956, 761
4739, 10, 140, 266, 237, 0, 33.48%, 16, 0, 2, 144.24, 19682, 761
4744, 10, 213, 267, 238, 0, 33.48%, 16, 0, 2, 143.72, 20406, 761
4749, 10, 140, 267, 237, 0, 33.48%, 16, 0, 2, 143.75, 21152, 761
4754, 10, 140, 267, 237, 0, 33.48%, 16, 0, 2, 143.55, 21898, 761
4759, 10, 140, 267, 237, 0, 33.48%, 16, 0, 2, 143.75, 22642, 761
4764, 10, 19, 267, 237, 0, 33.48%, 16, 0, 2, 143.77, 23388, 761
4769, 10, 16, 267, 237, 0, 33.48%, 16, 0, 2, 141.70, 24122, 761
4775, 10, 16, 267, 237, 0, 33.48%, 16, 0, 2, 140.75, 24848, 761
4780, 10, 140, 267, 236, 0, 33.48%, 16, 0, 2, 143.91, 25590, 761
4785, 10, 91, 267, 236, 0, 33.48%, 16, 0, 2, 144.87, 26336, 761
4790, 10, 140, 267, 235, 0, 33.48%, 16, 0, 2, 144.20, 27085, 761
4795, 10, 140, 267, 235, 0, 33.48%, 16, 0, 2, 143.08, 27829, 761
4801, 10, 140, 267, 235, 0, 33.48%, 16, 0, 2, 143.78, 28575, 761
4806, 10, 140, 267, 235, 0, 33.48%, 16, 0, 2, 143.83, 29320, 761
4811, 10, 172, 267, 235, 0, 33.48%, 16, 0, 2, 144.03, 30065, 761
4816, 10, 230, 267, 234, 0, 33.48%, 16, 0, 2, 144.36, 30815, 761
4821, 10, 140, 267, 233, 0, 33.48%, 16, 0, 2, 144.36, 31560, 761
4826, 10, 140, 267, 233, 0, 33.48%, 16, 0, 2, 144.45, 32304, 761
4832, 10, 17, 267, 233, 0, 33.48%, 16, 0, 2, 143.31, 33046, 761
4837, 10, 17, 267, 233, 0, 33.48%, 16, 0, 2, 123.82, 33692, 761
4842, 10, 17, 267, 233, 0, 33.48%, 16, 0, 2, 109.70, 34243, 761
4847, 10, 140, 267, 232, 0, 33.48%, 16, 0, 2, 110.39, 34797, 761
4852, 10, 15, 267, 232, 0, 33.48%, 16, 0, 2, 132.34, 35501, 761
4857, 10, 15, 267, 232, 0, 33.48%, 16, 0, 2, 138.86, 36207, 761
4862, 10, 140, 267, 231, 0, 33.48%, 16, 0, 2, 142.98, 36955, 761
4867, 10, 71, 267, 231, 0, 33.48%, 16, 0, 2, 144.03, 37699, 761
4873, 10, 140, 267, 231, 0, 33.48%, 16, 0, 2, 143.53, 38445, 761
4878, 10, 140, 267, 231, 0, 33.48%, 16, 0, 2, 144.28, 39191, 761
4883, 10, 140, 267, 231, 0, 33.48%, 16, 0, 2, 144.35, 39935, 761
4888, 10, 182, 267, 231, 0, 33.48%, 16, 0, 2, 142.23, 40667, 761
4893, 10, 119, 267, 230, 0, 33.48%, 16, 0, 2, 144.09, 41415, 761
4899, 10, 140, 267, 229, 0, 33.48%, 16, 0, 2, 144.59, 42162, 761
4904, 10, 140, 267, 229, 0, 33.48%, 16, 0, 2, 144.62, 42906, 761
4909, 10, 152, 267, 229, 0, 33.48%, 16, 0, 2, 142.08, 43644, 761
4914, 10, 181, 267, 228, 0, 33.48%, 16, 0, 2, 142.98, 44388, 761
4919, 10, 237, 267, 227, 0, 33.48%, 16, 0, 2, 143.93, 45131, 761
4924, 10, 187, 267, 227, 0, 33.48%, 16, 0, 2, 144.53, 45879, 761
4930, 10, 140, 267, 226, 0, 33.48%, 16, 0, 2, 143.70, 46622, 761
4935, 10, 67, 267, 226, 0, 33.48%, 16, 0, 2, 144.34, 47372, 761
4940, 10, 140, 267, 225, 0, 33.48%, 16, 0, 2, 142.92, 48113, 761
4945, 10, 140, 267, 225, 0, 33.48%, 16, 0, 2, 143.71, 48858, 761
4950, 10, 140, 267, 225, 0, 33.48%, 16, 0, 2, 144.43, 49602, 761
4955, 10, 151, 267, 225, 0, 33.48%, 16, 0, 2, 144.27, 50348, 761
4961, 10, 140, 267, 224, 0, 33.48%, 16, 0, 2, 144.56, 51091, 761
4966, 10, 118, 267, 224, 0, 33.48%, 16, 0, 2, 144.96, 51839, 761
4971, 10, 140, 267, 223, 0, 33.48%, 16, 0, 2, 144.47, 52584, 761
4976, 10, 140, 267, 223, 0, 33.48%, 16, 0, 2, 144.09, 53328, 761
4981, 10, 140, 267, 223, 0, 33.48%, 16, 0, 2, 144.45, 54072, 761
4986, 10, 147, 267, 223, 0, 33.48%, 16, 0, 2, 144.28, 54822, 761
4992, 10, 148, 267, 222, 0, 33.48%, 16, 0, 2, 144.81, 55570, 761
4997, 10, 140, 267, 221, 0, 33.48%, 16, 0, 2, 131.74, 56254, 761
5002, 10, 140, 268, 222, 0, 33.48%, 16, 0, 2, 141.94, 56998, 761
5007, 10, 140, 268, 222, 0, 33.48%, 16, 0, 2, 143.97, 57743, 761
5012, 10, 140, 268, 222, 0, 33.48%, 16, 0, 2, 144.42, 58492, 761
5017, 10, 140, 268, 222, 0, 33.48%, 16, 0, 2, 144.60, 59238, 761
5022, 10, 140, 268, 222, 0, 33.48%, 16, 0, 2, 143.60, 59982, 761
5028, 10, 140, 268, 222, 0, 33.48%, 16, 0, 2, 143.58, 60726, 761
5033, 10, 140, 268, 222, 0, 33.48%, 16, 0, 2, 143.99, 61472, 761
5038, 10, 140, 268, 222, 0, 33.48%, 16, 0, 2, 144.19, 62218, 761
5043, 10, 19, 268, 222, 0, 33.48%, 16, 0, 2, 144.01, 62966, 761
5048, 10, 140, 268, 222, 0, 33.48%, 16, 0, 2, 143.36, 63712, 761
5053, 10, 128, 268, 222, 0, 33.48%, 16, 0, 2, 143.30, 64429, 761
5059, 10, 140, 268, 221, 0, 33.48%, 16, 0, 2, 141.91, 65167, 761
5064, 10, 140, 268, 221, 0, 33.48%, 16, 0, 2, 140.98, 65899, 761
5069, 10, 140, 268, 221, 0, 33.48%, 16, 0, 2, 142.62, 66615, 761
5074, 10, 140, 268, 221, 0, 33.48%, 16, 0, 2, 143.65, 67361, 761
5079, 10, 140, 268, 221, 0, 33.48%, 16, 0, 2, 144.40, 68109, 761
5084, 10, 120, 268, 221, 0, 33.48%, 16, 0, 2, 143.30, 68850, 761
5090, 10, 140, 268, 220, 0, 33.48%, 16, 0, 2, 143.72, 69596, 761
5095, 10, 140, 268, 220, 0, 33.48%, 16, 0, 2, 143.89, 70340, 761
5100, 10, 140, 269, 221, 0, 33.48%, 16, 0, 2, 143.58, 71079, 761
5105, 10, 175, 269, 221, 0, 33.48%, 16, 0, 2, 142.65, 71821, 761
5110, 10, 140, 269, 220, 0, 33.48%, 16, 0, 2, 144.02, 72570, 761
5115, 10, 140, 269, 220, 0, 33.48%, 16, 0, 2, 124.03, 73212, 761
5121, 10, 140, 269, 220, 0, 33.48%, 16, 0, 2, 113.00, 73784, 761
5126, 10, 140, 269, 220, 0, 33.48%, 16, 0, 2, 135.08, 74500, 761
5131, 10, 205, 269, 220, 0, 33.48%, 16, 0, 2, 142.64, 75246, 761
5136, 10, 140, 269, 219, 0, 33.48%, 17, 0, 2, 143.45, 75964, 761
5141, 10, 140, 269, 219, 0, 33.48%, 17, 0, 2, 144.18, 76708, 761
5146, 10, 140, 269, 219, 0, 33.48%, 17, 0, 2, 144.60, 77454, 761
5151, 10, 140, 269, 219, 0, 33.48%, 17, 0, 2, 144.38, 78198, 761
5157, 10, 140, 269, 219, 0, 33.48%, 17, 0, 2, 144.35, 78944, 761
5162, 10, 197, 269, 219, 0, 33.48%, 17, 0, 2, 144.53, 79694, 761
5167, 10, 140, 269, 218, 0, 33.48%, 17, 0, 2, 144.56, 80441, 761
5172, 10, 140, 269, 218, 0, 33.48%, 17, 0, 2, 144.30, 81186, 761
5177, 10, 140, 269, 218, 0, 33.48%, 17, 0, 2, 144.65, 81934, 761
5182, 10, 140, 269, 218, 0, 33.48%, 17, 0, 2, 144.07, 82680, 761
5188, 10, 140, 269, 218, 0, 33.48%, 17, 0, 2, 143.03, 83420, 761
5193, 10, 19, 269, 218, 0, 33.48%, 17, 0, 2, 143.69, 84164, 761
5198, 10, 140, 269, 218, 0, 33.48%, 17, 0, 2, 138.74, 84850, 761
5203, 10, 140, 269, 218, 0, 33.48%, 17, 0, 2, 143.46, 85594, 761
5208, 10, 140, 269, 218, 0, 33.48%, 17, 0, 2, 144.29, 86340, 761
5213, 10, 140, 269, 218, 0, 33.48%, 17, 0, 2, 144.70, 87080, 761
5219, 10, 140, 269, 218, 0, 33.48%, 17, 0, 2, 144.46, 87828, 761
5224, 10, 140, 269, 218, 0, 33.48%, 17, 0, 2, 143.51, 88566, 761
5229, 10, 140, 269, 218, 0, 33.48%, 17, 0, 2, 143.28, 89310, 761
5234, 10, 140, 270, 219, 0, 33.52%, 17, 0, 2, 143.48, 90050, 762
5239, 10, 140, 270, 219, 0, 33.52%, 17, 0, 2, 144.27, 90794, 762
5244, 10, 140, 270, 219, 0, 33.52%, 17, 0, 2, 144.50, 91540, 762
5250, 10, 140, 270, 219, 0, 33.52%, 17, 0, 2, 144.32, 92284, 762
5255, 10, 140, 270, 219, 0, 33.52%, 17, 0, 2, 143.71, 93028, 762
5260, 11, 140, 270, 219, 0, 33.52%, 17, 0, 2, 144.21, 93774, 762
5265, 11, 140, 270, 219, 0, 33.52%, 17, 0, 2, 144.58, 94518, 762
5270, 11, 140, 270, 219, 0, 33.52%, 17, 0, 2, 136.23, 95222, 762
5275, 11, 116, 270, 219, 0, 33.52%, 17, 0, 2, 142.99, 95967, 762
5280, 11, 140, 270, 218, 0, 33.52%, 17, 0, 2, 144.33, 96713, 762
5286, 11, 140, 270, 218, 0, 33.52%, 17, 0, 2, 143.63, 97451, 762
5291, 11, 140, 270, 218, 0, 33.52%, 17, 0, 2, 144.14, 98195, 762
5296, 11, 140, 270, 218, 0, 33.52%, 17, 0, 2, 144.11, 98939, 762
5301, 11, 140, 270, 218, 0, 33.52%, 17, 0, 2, 143.43, 99679, 762
5306, 11, 140, 270, 218, 0, 33.52%, 17, 0, 2, 143.40, 100423, 762
5312, 11, 140, 270, 218, 0, 33.52%, 17, 0, 2, 143.44, 101167, 762
5317, 11, 140, 270, 218, 0, 33.52%, 17, 0, 2, 143.48, 101911, 762
5322, 11, 225, 270, 218, 0, 33.52%, 17, 0, 2, 144.36, 102661, 762
5327, 11, 140, 270, 217, 0, 33.52%, 17, 0, 2, 143.82, 103407, 762
5332, 11, 140, 270, 217, 0, 33.52%, 17, 0, 2, 143.74, 104146, 762
5337, 11, 140, 270, 217, 0, 33.52%, 17, 0, 2, 144.58, 104891, 762
5343, 11, 266, 270, 217, 0, 33.52%, 17, 0, 2, 143.71, 105639, 762
5348, 11, 266, 270, 217, 0, 33.52%, 17, 0, 2, 144.20, 106389, 762
5353, 11, 140, 270, 216, 0, 33.52%, 17, 0, 2, 143.90, 107135, 762
5358, 11, 154, 270, 216, 0, 33.52%, 17, 0, 2, 144.13, 107881, 762
5363, 11, 140, 270, 215, 0, 33.52%, 17, 0, 2, 144.56, 108629, 762
5369, 11, 140, 270, 215, 0, 33.52%, 17, 0, 2, 144.37, 109374, 762
5374, 11, 140, 270, 215, 0, 33.52%, 17, 0, 2, 144.10, 110118, 762
5379, 11, 140, 270, 215, 0, 33.52%, 17, 0, 2, 140.21, 110848, 762
5384, 11, 214, 270, 215, 0, 33.52%, 17, 0, 2, 143.03, 111592, 762
5389, 11, 140, 270, 214, 0, 33.52%, 17, 0, 2, 143.84, 112336, 762
5394, 11, 140, 270, 214, 0, 33.52%, 17, 0, 2, 144.52, 113082, 762
5399, 11, 140, 270, 214, 0, 33.52%, 17, 0, 2, 144.20, 113826, 762
5405, 11, 140, 270, 214, 0, 33.52%, 17, 0, 2, 144.16, 114571, 762
5410, 11, 140, 270, 214, 0, 33.52%, 17, 0, 2, 144.24, 115316, 762
5415, 11, 140, 270, 214, 0, 33.52%, 17, 0, 2, 127.67, 115986, 762
5420, 11, 140, 270, 214, 0, 33.52%, 17, 0, 2, 113.89, 116538, 762
5425, 11, 140, 270, 214, 0, 33.52%, 17, 0, 2, 110.70, 117106, 762
5430, 11, 140, 270, 214, 0, 33.52%, 17, 0, 2, 110.32, 117676, 762
5435, 11, 32, 270, 214, 0, 33.52%, 17, 0, 2, 109.77, 118240, 762
5440, 11, 32, 270, 214, 0, 33.52%, 17, 0, 2, 135.85, 118960, 762
5446, 11, 140, 270, 213, 0, 33.52%, 17, 0, 2, 142.01, 119701, 762
5451, 11, 140, 270, 213, 0, 33.52%, 17, 0, 2, 142.72, 120441, 762
5456, 11, 132, 270, 213, 0, 33.52%, 17, 0, 2, 142.88, 121181, 762
5461, 11, 217, 270, 212, 0, 33.52%, 17, 0, 2, 143.37, 121919, 762
5466, 11, 140, 270, 211, 0, 33.52%, 17, 0, 2, 143.38, 122656, 762
5471, 11, 140, 270, 211, 0, 33.52%, 17, 0, 2, 144.19, 123401, 762
5477, 11, 140, 270, 211, 0, 33.52%, 17, 0, 2, 144.38, 124145, 762
5482, 11, 140, 270, 211, 0, 33.52%, 17, 0, 2, 142.86, 124884, 762
5487, 11, 140, 270, 211, 0, 33.52%, 17, 0, 2, 142.34, 125621, 762
5492, 11, 1, 270, 211, 0, 33.52%, 17, 0, 2, 138.78, 126335, 762
5497, 11, 1, 270, 211, 0, 33.52%, 17, 0, 2, 136.69, 127035, 762
5502, 11, 140, 270, 210, 0, 33.52%, 17, 0, 2, 142.33, 127776, 762
5508, 11, 220, 270, 210, 0, 33.52%, 17, 0, 2, 143.46, 128519, 762
5513, 11, 140, 270, 209, 0, 33.52%, 17, 0, 2, 143.55, 129239, 762
5518, 11, 140, 270, 209, 0, 33.52%, 17, 0, 2, 143.80, 129985, 762
5523, 11, 140, 270, 209, 0, 33.52%, 17, 0, 2, 144.16, 130729, 762
5528, 11, 204, 270, 209, 0, 33.52%, 17, 0, 2, 144.67, 131477, 762
5533, 11, 140, 270, 208, 0, 33.52%, 17, 0, 2, 144.39, 132225, 762
5538, 11, 140, 270, 208, 0, 33.52%, 17, 0, 2, 143.96, 132969, 762
5544, 11, 140, 270, 208, 0, 33.52%, 17, 0, 2, 143.99, 133713, 762
5549, 11, 140, 270, 208, 0, 33.52%, 17, 0, 2, 144.20, 134459, 762
5554, 11, 140, 270, 208, 0, 33.52%, 17, 0, 2, 144.62, 135204, 762
5559, 11, 140, 270, 208, 0, 33.52%, 17, 0, 2, 144.08, 135948, 762
5564, 11, 140, 270, 208, 0, 33.52%, 17, 0, 2, 144.59, 136693, 762
5569, 11, 92, 270, 208, 0, 33.52%, 17, 0, 2, 144.13, 137439, 762
5575, 11, 140, 270, 207, 0, 33.52%, 17, 0, 2, 144.70, 138189, 762
5580, 11, 101, 270, 207, 0, 33.52%, 17, 0, 2, 144.25, 138935, 762
5585, 11, 140, 270, 205, 0, 33.52%, 17, 0, 2, 143.90, 139681, 762
5590, 11, 59, 270, 205, 0, 33.52%, 17, 0, 2, 144.70, 140425, 762
5595, 11, 140, 270, 205, 0, 33.52%, 17, 0, 2, 145.06, 141175, 762
5600, 11, 63, 270, 205, 0, 33.52%, 17, 0, 2, 144.04, 141923, 762
5606, 11, 140, 270, 204, 0, 33.52%, 17, 0, 2, 144.19, 142673, 762
5611, 11, 140, 270, 204, 0, 33.52%, 17, 0, 2, 144.69, 143419, 762
5616, 11, 35, 270, 204, 0, 33.52%, 17, 0, 2, 143.44, 144137, 762
5621, 11, 35, 270, 204, 0, 33.52%, 17, 0, 2, 142.63, 144854, 762
5626, 11, 140, 270, 203, 0, 33.52%, 17, 0, 2, 144.27, 145602, 762
5631, 11, 140, 270, 203, 0, 33.52%, 17, 0, 2, 144.51, 146346, 762
5636, 11, 267, 270, 203, 0, 33.52%, 17, 0, 2, 144.60, 147092, 762
5642, 11, 267, 270, 203, 0, 33.52%, 17, 0, 2, 144.86, 147842, 762
5647, 11, 71, 270, 202, 0, 33.52%, 17, 0, 2, 144.59, 148588, 762
5652, 11, 140, 270, 202, 0, 33.52%, 17, 0, 2, 143.58, 149330, 762
5657, 11, 140, 270, 202, 0, 33.52%, 17, 0, 2, 143.94, 150078, 762
5662, 11, 126, 270, 202, 0, 33.52%, 17, 0, 2, 143.76, 150822, 762
5667, 11, 140, 270, 201, 0, 33.52%, 17, 0, 2, 143.23, 151540, 762
5672, 11, 140, 270, 201, 0, 33.52%, 17, 0, 2, 143.05, 152286, 762
5678, 11, 140, 270, 201, 0, 33.52%, 17, 0, 2, 142.65, 153024, 762
5683, 11, 140, 271, 202, 0, 33.52%, 17, 0, 2, 144.14, 153746, 762
5688, 11, 140, 271, 202, 0, 33.52%, 17, 0, 2, 142.83, 154484, 762
5693, 11, 140, 271, 202, 0, 33.52%, 17, 0, 2, 143.89, 155230, 762
5698, 11, 140, 271, 202, 0, 33.52%, 17, 0, 2, 143.91, 155972, 762
5703, 11, 140, 271, 202, 0, 33.52%, 17, 0, 2, 143.24, 156714, 762
5708, 11, 71, 271, 202, 0, 33.52%, 17, 0, 2, 144.39, 157458, 762
5714, 11, 246, 271, 202, 0, 33.52%, 17, 0, 2, 144.22, 158204, 762
5719, 11, 140, 271, 201, 0, 33.52%, 17, 0, 2, 143.52, 158952, 762
5724, 11, 140, 271, 201, 0, 33.52%, 17, 0, 2, 143.96, 159696, 762
5729, 11, 140, 271, 201, 0, 33.52%, 17, 0, 2, 144.17, 160440, 762
5734, 11, 140, 271, 201, 0, 33.52%, 17, 0, 2, 144.47, 161186, 762
5740, 11, 140, 271, 201, 0, 33.52%, 17, 0, 2, 143.93, 161930, 762
5745, 11, 140, 271, 201, 0, 33.52%, 17, 0, 2, 142.53, 162646, 762
5750, 11, 140, 271, 201, 0, 33.52%, 17, 0, 2, 142.25, 163358, 762
5755, 11, 237, 271, 201, 0, 33.52%, 17, 0, 2, 144.39, 164105, 762
5760, 11, 242, 271, 201, 0, 33.52%, 17, 0, 2, 144.42, 164852, 762
5765, 11, 100, 271, 200, 0, 33.52%, 17, 0, 2, 127.81, 165501, 762
5770, 11, 140, 271, 199, 0, 33.52%, 17, 0, 2, 113.59, 166072, 762
5775, 11, 140, 271, 199, 0, 33.52%, 17, 0, 2, 110.99, 166646, 762
5780, 11, 140, 271, 199, 0, 33.52%, 17, 0, 2, 110.23, 167216, 762
5786, 11, 140, 271, 199, 0, 33.52%, 17, 0, 2, 110.09, 167788, 762
5791, 11, 140, 271, 199, 0, 33.52%, 17, 0, 2, 110.33, 168344, 762
5796, 11, 140, 271, 199, 0, 33.52%, 17, 0, 2, 110.09, 168910, 762
5801, 11, 140, 271, 199, 0, 33.52%, 17, 0, 2, 108.68, 169446, 762
5806, 11, 140, 271, 199, 0, 33.52%, 17, 0, 2, 110.27, 170004, 762
5811, 11, 140, 271, 199, 0, 33.52%, 17, 0, 2, 110.32, 170571, 762
5816, 11, 19, 271, 199, 0, 33.52%, 17, 0, 2, 110.24, 171144, 762
5821, 11, 140, 271, 199, 0, 33.52%, 17, 0, 2, 110.00, 171708, 762
5827, 11, 237, 272, 200, 0, 33.52%, 17, 0, 2, 110.18, 172263, 762
5832, 11, 140, 272, 200, 0, 33.52%, 17, 0, 2, 120.82, 172876, 762
5837, 11, 138, 272, 200, 0, 33.52%, 17, 0, 2, 139.18, 173624, 762
5842, 11, 140, 272, 199, 0, 33.52%, 17, 0, 2, 141.92, 174340, 762
5847, 11, 140, 272, 199, 0, 33.52%, 17, 0, 2, 140.10, 175068, 762
5852, 11, 140, 272, 199, 0, 33.52%, 17, 0, 2, 140.83, 175800, 762
5857, 11, 55, 272, 199, 0, 33.52%, 17, 0, 2, 142.12, 176538, 762
5862, 11, 188, 272, 198, 0, 33.52%, 17, 0, 2, 143.46, 177258, 762
5868, 11, 140, 272, 197, 0, 33.52%, 17, 0, 2, 142.98, 178001, 762
5873, 11, 140, 272, 197, 0, 33.52%, 17, 0, 2, 143.61, 178741, 762
5878, 11, 140, 272, 197, 0, 33.52%, 17, 0, 2, 143.70, 179485, 762
5883, 11, 140, 272, 197, 0, 33.52%, 17, 0, 2, 142.99, 180229, 762
5888, 11, 140, 272, 197, 0, 33.52%, 17, 0, 2, 143.79, 180975, 762
5894, 11, 140, 272, 197, 0, 33.52%, 17, 0, 2, 144.11, 181719, 762
5899, 11, 59, 272, 197, 0, 33.52%, 17, 0, 2, 143.99, 182463, 762
5904, 11, 74, 272, 197, 0, 33.52%, 17, 0, 2, 143.85, 183211, 762
5909, 12, 140, 272, 196, 0, 33.52%, 17, 0, 2, 144.21, 183961, 762
5914, 12, 140, 272, 196, 0, 33.52%, 17, 0, 2, 144.07, 184705, 762
5919, 12, 140, 272, 196, 0, 33.52%, 17, 0, 2, 144.24, 185449, 762
5925, 12, 140, 272, 196, 0, 33.52%, 17, 0, 2, 144.78, 186195, 762
5930, 12, 140, 272, 196, 0, 33.52%, 17, 0, 2, 144.61, 186945, 762
5935, 12, 140, 272, 196, 0, 33.52%, 17, 0, 2, 144.77, 187691, 762
5940, 12, 140, 272, 196, 0, 33.52%, 17, 0, 2, 144.80, 188437, 762
5945, 12, 68, 272, 196, 0, 33.52%, 17, 0, 2, 144.52, 189188, 762
5950, 12, 86, 272, 195, 0, 33.52%, 17, 0, 2, 144.44, 189931, 762
5956, 12, 140, 272, 194, 0, 33.52%, 17, 0, 2, 144.61, 190675, 762
5961, 12, 140, 272, 194, 0, 33.52%, 17, 0, 2, 144.21, 191421, 762
5966, 12, 140, 273, 195, 0, 33.52%, 17, 0, 2, 143.81, 192165, 762
5971, 12, 34, 273, 195, 0, 33.52%, 17, 0, 2, 143.76, 192911, 762
5976, 12, 34, 273, 195, 0, 33.52%, 17, 0, 2, 143.38, 193631, 762
5981, 12, 140, 273, 194, 0, 33.52%, 17, 0, 2, 143.37, 194349, 762
5986, 12, 140, 273, 194, 0, 33.52%, 17, 0, 2, 144.49, 195093, 762
5991, 12, 256, 273, 194, 0, 33.52%, 17, 0, 2, 143.49, 195813, 762
5996, 12, 256, 273, 194, 0, 33.52%, 17, 0, 2, 143.34, 196531, 762
6001, 12, 140, 273, 193, 0, 33.52%, 17, 0, 2, 143.61, 197274, 762
6007, 12, 140, 273, 193, 0, 33.52%, 17, 0, 2, 142.35, 198010, 762
6012, 12, 140, 273, 193, 0, 33.52%, 17, 0, 2, 142.35, 198722, 762
6017, 12, 140, 273, 192, 0, 33.52%, 17, 0, 2, 144.07, 199472, 762
6022, 12, 140, 273, 192, 0, 33.52%, 17, 0, 2, 132.84, 200148, 762
6027, 12, 140, 273, 192, 0, 33.52%, 17, 0, 2, 114.50, 200714, 762
6032, 12, 140, 273, 192, 0, 33.52%, 17, 0, 2, 110.84, 201280, 762
6037, 12, 140, 273, 192, 0, 33.52%, 17, 0, 2, 110.57, 201852, 762
6042, 12, 140, 273, 192, 0, 33.52%, 17, 0, 2, 110.18, 202416, 762
6047, 12, 140, 273, 192, 0, 33.52%, 17, 0, 2, 109.93, 202968, 762
6053, 12, 37, 273, 192, 0, 33.52%, 17, 0, 2, 109.05, 203522, 762
6058, 12, 37, 273, 192, 0, 33.52%, 17, 0, 2, 108.84, 204080, 762
6063, 12, 140, 273, 191, 0, 33.52%, 17, 0, 2, 109.45, 204648, 762
6068, 12, 140, 273, 191, 0, 33.52%, 17, 0, 2, 110.12, 205218, 762
6073, 12, 218, 273, 191, 0, 33.52%, 17, 0, 2, 110.20, 205770, 762
6078, 12, 218, 273, 191, 0, 33.52%, 17, 0, 2, 110.11, 206338, 762
6083, 12, 140, 273, 190, 0, 33.52%, 17, 0, 2, 110.06, 206904, 762
6088, 12, 140, 273, 190, 0, 33.52%, 17, 0, 2, 110.06, 207468, 762
6094, 12, 54, 273, 190, 0, 33.52%, 17, 0, 2, 109.85, 208028, 762
6099, 12, 54, 273, 190, 0, 33.52%, 17, 0, 2, 109.63, 208588, 762
6104, 12, 54, 273, 190, 0, 33.52%, 17, 0, 2, 109.91, 209151, 762
6109, 12, 158, 273, 189, 0, 33.52%, 17, 0, 2, 110.18, 209705, 762
6114, 12, 140, 273, 188, 0, 33.52%, 17, 0, 2, 110.51, 210281, 762
6119, 12, 140, 273, 188, 0, 33.52%, 17, 0, 2, 117.80, 210879, 762
6124, 12, 140, 273, 188, 0, 33.52%, 17, 0, 2, 137.92, 211625, 762
6130, 12, 140, 273, 188, 0, 33.52%, 17, 0, 2, 142.35, 212371, 762
6135, 12, 140, 273, 188, 0, 33.52%, 17, 0, 2, 143.14, 213117, 762
6140, 12, 140, 273, 188, 0, 33.52%, 17, 0, 2, 143.48, 213861, 762
6145, 12, 140, 273, 188, 0, 33.52%, 17, 0, 2, 143.21, 214605, 762
6150, 12, 140, 273, 188, 0, 33.52%, 17, 0, 2, 143.51, 215321, 762
6155, 12, 209, 273, 188, 0, 33.52%, 17, 0, 2, 143.98, 216068, 762
6160, 12, 140, 273, 187, 0, 33.52%, 17, 0, 2, 143.44, 216786, 762
6166, 12, 140, 273, 187, 0, 33.52%, 17, 0, 2, 143.78, 217530, 762
6171, 12, 140, 273, 187, 0, 33.52%, 17, 0, 2, 143.77, 218276, 762
6176, 12, 140, 273, 187, 0, 33.52%, 17, 0, 2, 144.26, 219020, 762
6181, 12, 142, 273, 187, 0, 33.52%, 17, 0, 2, 144.65, 219767, 762
6186, 12, 140, 273, 186, 0, 33.52%, 17, 0, 2, 144.74, 220515, 762
6191, 12, 140, 273, 186, 0, 33.52%, 17, 0, 2, 144.14, 221260, 762
6197, 12, 140, 273, 186, 0, 33.52%, 17, 0, 2, 144.55, 222005, 762
6202, 12, 140, 273, 186, 0, 33.52%, 17, 0, 2, 144.25, 222749, 762
6207, 12, 190, 273, 186, 0, 33.52%, 17, 0, 2, 143.64, 223497, 762
6212, 12, 24, 273, 185, 0, 33.52%, 17, 0, 2, 144.78, 224243, 762
6217, 12, 140, 273, 184, 0, 33.52%, 17, 0, 2, 144.38, 224964, 762
6222, 12, 140, 273, 184, 0, 33.52%, 17, 0, 2, 144.34, 225710, 762
6227, 12, 140, 273, 184, 0, 33.52%, 17, 0, 2, 137.54, 226430, 762
6233, 12, 140, 273, 184, 0, 33.52%, 17, 0, 2, 136.94, 227112, 762
6238, 12, 140, 273, 184, 0, 33.52%, 17, 0, 2, 142.19, 227830, 762
6243, 12, 263, 273, 184, 0, 33.52%, 17, 0, 2, 142.23, 228548, 762
6248, 12, 71, 273, 183, 0, 33.52%, 17, 0, 2, 143.23, 229293, 762
6253, 12, 140, 273, 183, 0, 33.52%, 17, 0, 2, 143.60, 230031, 762
6258, 12, 140, 273, 183, 0, 33.52%, 17, 0, 2, 144.05, 230777, 762
6263, 12, 140, 273, 183, 0, 33.52%, 17, 0, 2, 144.26, 231521, 762
6269, 12, 140, 273, 183, 0, 33.52%, 17, 0, 2, 143.70, 232265, 762
6274, 12, 140, 273, 183, 0, 33.52%, 17, 0, 2, 143.63, 233011, 762
6279, 12, 140, 273, 183, 0, 33.52%, 17, 0, 2, 144.01, 233755, 762
6284, 12, 140, 273, 183, 0, 33.52%, 17, 0, 2, 144.07, 234499, 762
6289, 12, 140, 273, 183, 0, 33.52%, 17, 0, 2, 144.29, 235244, 762
6294, 12, 140, 273, 183, 0, 33.52%, 17, 0, 2, 144.29, 235989, 762
6300, 12, 143, 273, 183, 0, 33.52%, 17, 0, 2, 119.33, 236593, 762
6305, 12, 140, 273, 182, 0, 33.52%, 17, 0, 2, 113.62, 237150, 762
6310, 12, 140, 273, 182, 0, 33.52%, 17, 0, 2, 138.17, 237892, 762
6315, 12, 140, 273, 182, 0, 33.52%, 17, 0, 2, 143.54, 238638, 762
6320, 12, 140, 273, 182, 0, 33.52%, 17, 0, 2, 143.67, 239382, 762
6325, 12, 140, 273, 182, 0, 33.52%, 17, 0, 2, 142.71, 240120, 762
6330, 12, 140, 273, 182, 0, 33.52%, 17, 0, 2, 143.52, 240854, 762
6335, 12, 247, 273, 182, 0, 33.52%, 17, 0, 2, 143.56, 241596, 762
6341, 12, 140, 273, 181, 0, 33.52%, 17, 0, 2, 142.68, 242335, 762
6346, 12, 140, 273, 181, 0, 33.52%, 17, 0, 2, 142.22, 243048, 762
6351, 12, 140, 273, 181, 0, 33.52%, 17, 0, 2, 140.84, 243780, 762
6356, 12, 140, 273, 181, 0, 33.52%, 17, 0, 2, 139.37, 244486, 762
6361, 12, 140, 273, 181, 0, 33.52%, 17, 0, 2, 139.76, 245152, 762
6366, 12, 140, 273, 181, 0, 33.52%, 17, 0, 2, 139.97, 245864, 762
6372, 12, 140, 273, 181, 0, 33.52%, 17, 0, 2, 133.31, 246524, 762
6377, 12, 140, 273, 181, 0, 33.52%, 17, 0, 2, 112.23, 247080, 762
6382, 12, 140, 273, 181, 0, 33.52%, 17, 0, 2, 107.52, 247628, 762
6387, 12, 140, 273, 181, 0, 33.52%, 17, 0, 2, 106.67, 248176, 762
6392, 12, 140, 273, 181, 0, 33.52%, 17, 0, 2, 104.69, 248718, 762
6397, 12, 51, 273, 181, 0, 33.52%, 17, 0, 2, 108.50, 249276, 762
6402, 12, 51, 273, 181, 0, 33.52%, 17, 0, 2, 131.55, 249974, 762
6407, 12, 51, 273, 181, 0, 33.52%, 17, 0, 2, 139.51, 250707, 762
6413, 12, 140, 273, 180, 0, 33.52%, 17, 0, 2, 142.58, 251447, 762
6418, 12, 140, 273, 180, 0, 33.52%, 17, 0, 2, 141.72, 252185, 762
6423, 12, 250, 273, 180, 0, 33.52%, 17, 0, 2, 143.65, 252933, 762
6428, 12, 140, 273, 179, 0, 33.52%, 17, 0, 2, 144.23, 253681, 762
6433, 12, 140, 273, 179, 0, 33.52%, 17, 0, 2, 139.88, 254411, 762
6439, 12, 140, 273, 179, 0, 33.52%, 17, 0, 2, 136.12, 255087, 762
6444, 12, 140, 273, 179, 0, 33.52%, 17, 0, 2, 142.33, 255831, 762
6449, 12, 140, 273, 179, 0, 33.52%, 17, 0, 2, 142.49, 256573, 762
6454, 12, 140, 273, 179, 0, 33.52%, 17, 0, 2, 142.84, 257317, 762
6459, 12, 140, 273, 179, 0, 33.52%, 17, 0, 2, 143.79, 258037, 762
6464, 12, 59, 273, 179, 0, 33.52%, 17, 0, 2, 142.80, 258775, 762
6469, 12, 140, 273, 179, 0, 33.52%, 17, 0, 2, 143.38, 259519, 762
6475, 12, 140, 273, 179, 0, 33.52%, 17, 0, 2, 143.29, 260261, 762
6480, 12, 140, 273, 179, 0, 33.52%, 17, 0, 2, 143.30, 261003, 762
6485, 12, 140, 273, 179, 0, 33.52%, 17, 0, 2, 142.58, 261737, 762
6490, 12, 140, 273, 179, 0, 33.52%, 17, 0, 2, 144.46, 262483, 762
6495, 12, 140, 273, 179, 0, 33.52%, 17, 0, 2, 144.31, 263225, 762
6500, 12, 140, 273, 179, 0, 33.52%, 17, 0, 2, 144.61, 263969, 762
6506, 12, 58, 273, 179, 0, 33.52%, 17, 0, 2, 144.43, 264715, 762
6511, 12, 140, 273, 178, 0, 33.52%, 17, 0, 2, 144.93, 265465, 762
6516, 12, 140, 273, 178, 0, 33.52%, 17, 0, 2, 145.17, 266213, 762
6521, 12, 140, 273, 178, 0, 33.52%, 17, 0, 2, 145.58, 266963, 762
6526, 12, 140, 273, 178, 0, 33.52%, 17, 0, 2, 145.21, 267709, 762
6531, 12, 140, 273, 178, 0, 33.52%, 17, 0, 2, 145.11, 268459, 762
6537, 12, 140, 273, 178, 0, 33.52%, 17, 0, 2, 144.80, 269207, 762
6542, 12, 59, 273, 178, 0, 33.52%, 17, 0, 2, 145.10, 269957, 762
6547, 12, 140, 273, 178, 0, 33.52%, 17, 0, 2, 145.15, 270705, 762
6552, 12, 140, 273, 178, 0, 33.52%, 17, 0, 2, 145.14, 271449, 762
6557, 12, 140, 273, 178, 0, 33.52%, 17, 0, 2, 144.85, 272197, 762
6562, 12, 140, 273, 178, 0, 33.52%, 17, 0, 2, 145.12, 272945, 762
6567, 13, 140, 273, 178, 0, 33.52%, 17, 0, 2, 144.61, 273689, 762
6573, 13, 76, 273, 178, 0, 33.52%, 17, 0, 2, 144.47, 274436, 762
6578, 13, 82, 273, 177, 0, 33.52%, 17, 0, 2, 144.10, 275178, 762
6583, 13, 140, 273, 176, 0, 33.52%, 17, 0, 2, 144.72, 275926, 762
6588, 13, 140, 273, 176, 0, 33.52%, 17, 0, 2, 144.69, 276676, 762
6593, 13, 140, 273, 176, 0, 33.52%, 17, 0, 2, 145.24, 277424, 762
6598, 13, 65, 273, 176, 0, 33.52%, 17, 0, 2, 145.12, 278171, 762
6604, 13, 201, 273, 175, 0, 33.52%, 17, 0, 2, 145.11, 278921, 762
6609, 13, 140, 273, 174, 0, 33.52%, 17, 0, 2, 145.04, 279669, 762
6614, 13, 140, 273, 174, 0, 33.52%, 17, 0, 2, 144.71, 280413, 762
6619, 13, 140, 273, 174, 0, 33.52%, 17, 0, 2, 144.93, 281163, 762
6624, 13, 19, 273, 174, 0, 33.52%, 17, 0, 2, 144.20, 281907, 762
6629, 13, 140, 273, 174, 0, 33.52%, 17, 0, 2, 144.62, 282653, 762
6635, 13, 140, 273, 174, 0, 33.52%, 17, 0, 2, 143.73, 283392, 762
6640, 13, 10, 273, 174, 0, 33.52%, 17, 0, 2, 141.84, 284119, 762
6645, 13, 10, 273, 174, 0, 33.52%, 17, 0, 2, 138.75, 284823, 762
6650, 13, 10, 273, 174, 0, 33.52%, 17, 0, 2, 139.99, 285533, 762
6655, 13, 57, 273, 173, 0, 33.52%, 17, 0, 2, 144.04, 286279, 762
6660, 13, 140, 273, 172, 0, 33.52%, 17, 0, 2, 145.46, 287029, 762
6665, 13, 73, 273, 172, 0, 33.52%, 17, 0, 2, 144.96, 287777, 762
6670, 13, 140, 273, 171, 0, 33.52%, 17, 0, 2, 144.84, 288522, 762
6676, 13, 140, 273, 171, 0, 33.52%, 17, 0, 2, 144.84, 289267, 762
6681, 13, 140, 273, 171, 0, 33.52%, 17, 0, 2, 144.91, 290011, 762
6686, 13, 140, 273, 171, 0, 33.52%, 17, 0, 2, 144.97, 290761, 762
6691, 13, 140, 273, 171, 0, 33.52%, 17, 0, 2, 144.89, 291501, 762
6696, 13, 254, 273, 171, 0, 33.52%, 17, 0, 2, 143.94, 292247, 762
6701, 13, 254, 273, 171, 0, 33.52%, 17, 0, 2, 143.87, 292997, 762
6706, 13, 254, 273, 171, 0, 33.52%, 17, 0, 2, 143.62, 293717, 762
6712, 13, 140, 273, 170, 0, 33.52%, 17, 0, 2, 144.93, 294467, 762
6717, 13, 140, 273, 170, 0, 33.52%, 17, 0, 2, 145.50, 295217, 762
6722, 13, 140, 273, 170, 0, 33.52%, 17, 0, 2, 145.15, 295963, 762
6727, 13, 140, 273, 170, 0, 33.52%, 17, 0, 2, 144.93, 296713, 762
6732, 13, 140, 273, 170, 0, 33.52%, 17, 0, 2, 144.94, 297461, 762
6737, 13, 140, 273, 170, 0, 33.52%, 17, 0, 2, 144.59, 298206, 762
6742, 13, 71, 273, 170, 0, 33.52%, 17, 0, 2, 144.87, 298953, 762
6748, 13, 140, 273, 170, 0, 33.52%, 17, 0, 2, 144.61, 299701, 762
6753, 13, 140, 273, 170, 0, 33.52%, 17, 0, 2, 144.77, 300447, 762
6758, 13, 140, 273, 170, 0, 33.52%, 17, 0, 2, 145.22, 301197, 762
6763, 13, 140, 273, 170, 0, 33.52%, 17, 0, 2, 145.33, 301947, 762
6768, 13, 140, 273, 170, 0, 33.52%, 17, 0, 2, 144.13, 302691, 762
6773, 13, 140, 273, 170, 0, 33.52%, 17, 0, 2, 144.80, 303437, 762
6779, 13, 140, 273, 170, 0, 33.52%, 17, 0, 2, 144.96, 304181, 762
6784, 13, 140, 273, 170, 0, 33.52%, 17, 0, 2, 129.28, 304865, 762
6789, 13, 140, 273, 170, 0, 33.52%, 17, 0, 2, 140.40, 305587, 762
6794, 13, 140, 273, 170, 0, 33.52%, 17, 0, 2, 144.30, 306333, 762
6799, 13, 140, 273, 170, 0, 33.52%, 17, 0, 2, 144.61, 307077, 762
6804, 13, 140, 273, 170, 0, 33.52%, 17, 0, 2, 144.16, 307822, 762
6809, 13, 140, 273, 170, 0, 33.52%, 17, 0, 2, 143.81, 308555, 762
6815, 13, 140, 273, 170, 0, 33.52%, 17, 0, 2, 144.81, 309305, 762
6820, 13, 140, 273, 170, 0, 33.52%, 17, 0, 2, 145.05, 310055, 762
6825, 13, 140, 273, 170, 0, 33.52%, 17, 0, 2, 144.28, 310799, 762
6830, 13, 140, 273, 170, 0, 33.52%, 17, 0, 2, 145.19, 311545, 762
6835, 13, 140, 273, 170, 0, 33.52%, 17, 0, 2, 145.79, 312295, 762
6840, 13, 140, 273, 170, 0, 33.52%, 17, 0, 2, 145.09, 313039, 762
6846, 13, 140, 273, 170, 0, 33.52%, 17, 0, 2, 144.89, 313789, 762
6851, 13, 140, 273, 170, 0, 33.52%, 17, 0, 2, 144.55, 314533, 762
6856, 13, 238, 273, 170, 0, 33.52%, 17, 0, 2, 144.97, 315283, 762
6861, 13, 140, 273, 169, 0, 33.52%, 17, 0, 2, 144.39, 316027, 762
6866, 13, 140, 273, 169, 0, 33.52%, 17, 0, 2, 143.01, 316767, 762
6871, 13, 140, 273, 169, 0, 33.52%, 17, 0, 2, 144.25, 317515, 762
6877, 13, 244, 273, 169, 0, 33.52%, 17, 0, 2, 143.42, 318259, 762
6882, 13, 140, 273, 168, 0, 33.52%, 17, 0, 2, 121.15, 318855, 762
6887, 13, 140, 273, 168, 0, 33.52%, 17, 0, 2, 113.12, 319417, 762
6892, 13, 140, 273, 168, 0, 33.52%, 17, 0, 2, 132.49, 320096, 762
6897, 13, 240, 273, 168, 0, 33.52%, 17, 0, 2, 142.94, 320843, 762
6902, 13, 140, 273, 167, 0, 33.52%, 17, 0, 2, 144.93, 321594, 762
6907, 13, 140, 273, 167, 0, 33.52%, 17, 0, 2, 145.45, 322342, 762
6912, 13, 198, 273, 167, 0, 33.52%, 17, 0, 2, 145.21, 323088, 762
6918, 13, 237, 273, 166, 0, 33.52%, 17, 0, 2, 144.68, 323832, 762
6923, 13, 140, 273, 166, 0, 33.52%, 17, 0, 2, 145.36, 324581, 762
6928, 13, 140, 273, 166, 0, 33.52%, 17, 0, 2, 145.35, 325331, 762
6933, 13, 229, 273, 166, 0, 33.52%, 17, 0, 2, 145.44, 326079, 762
6938, 13, 140, 273, 165, 0, 33.52%, 17, 0, 2, 145.73, 326829, 762
6943, 13, 140, 273, 165, 0, 33.52%, 17, 0, 2, 144.90, 327577, 762
6948, 13, 140, 273, 165, 0, 33.52%, 17, 0, 2, 144.45, 328322, 762
6954, 13, 140, 273, 165, 0, 33.52%, 17, 0, 2, 144.78, 329071, 762
6959, 13, 140, 273, 165, 0, 33.52%, 17, 0, 2, 144.27, 329813, 762
6964, 13, 140, 273, 165, 0, 33.52%, 17, 0, 2, 145.16, 330561, 762
6969, 13, 140, 273, 165, 0, 33.52%, 17, 0, 2, 145.34, 331311, 762
6974, 13, 140, 273, 165, 0, 33.52%, 17, 0, 2, 144.73, 332057, 762
6979, 13, 140, 273, 165, 0, 33.52%, 17, 0, 2, 144.32, 332801, 762
6985, 13, 140, 273, 165, 0, 33.52%, 17, 0, 2, 144.63, 333545, 762
6990, 13, 140, 273, 165, 0, 33.52%, 17, 0, 2, 142.88, 334283, 762
6995, 13, 140, 273, 165, 0, 33.52%, 17, 0, 2, 143.06, 334999, 762
7000, 13, 140, 273, 165, 0, 33.52%, 17, 0, 2, 144.78, 335745, 762
7005, 13, 140, 273, 165, 0, 33.52%, 17, 0, 2, 144.93, 336491, 762
7010, 13, 140, 273, 165, 0, 33.52%, 17, 0, 2, 144.58, 337241, 762
7015, 13, 19, 273, 165, 0, 33.52%, 17, 0, 2, 145.63, 337991, 762
7020, 13, 31, 273, 165, 0, 33.52%, 17, 0, 2, 145.88, 338741, 762
7026, 13, 31, 273, 165, 0, 33.52%, 17, 0, 2, 145.22, 339489, 762
7031, 13, 140, 273, 164, 0, 33.52%, 17, 0, 2, 144.40, 340235, 762
7036, 13, 140, 273, 164, 0, 33.52%, 17, 0, 2, 144.51, 340981, 762
7041, 13, 140, 273, 164, 0, 33.52%, 17, 0, 2, 144.54, 341725, 762
7046, 13, 140, 273, 164, 0, 33.52%, 17, 0, 2, 142.37, 342464, 762
7051, 13, 140, 273, 164, 0, 33.52%, 17, 0, 2, 144.07, 343209, 762
7057, 13, 140, 273, 164, 0, 33.52%, 17, 0, 2, 143.43, 343947, 762
7062, 13, 134, 273, 164, 0, 33.52%, 17, 0, 2, 144.67, 344695, 762
7067, 13, 140, 273, 163, 0, 33.52%, 17, 0, 2, 145.02, 345445, 762
7072, 13, 140, 273, 163, 0, 33.52%, 17, 0, 2, 140.91, 346171, 762
7077, 13, 140, 273, 163, 0, 33.52%, 17, 0, 2, 144.20, 346917, 762
7082, 13, 140, 273, 163, 0, 33.52%, 17, 0, 2, 145.19, 347665, 762
7088, 13, 140, 273, 163, 0, 33.52%, 17, 0, 2, 145.14, 348413, 762
7093, 13, 140, 273, 163, 0, 33.52%, 17, 0, 2, 144.89, 349157, 762
7098, 13, 44, 273, 163, 0, 33.52%, 17, 0, 2, 144.33, 349906, 762
7103, 13, 81, 273, 162, 0, 33.52%, 17, 0, 2, 144.93, 350655, 762
7108, 13, 140, 273, 161, 0, 33.52%, 17, 0, 2, 144.27, 351395, 762
7113, 13, 140, 273, 161, 0, 33.52%, 17, 0, 2, 144.78, 352143, 762
7119, 13, 140, 273, 161, 0, 33.52%, 17, 0, 2, 144.71, 352893, 762
7124, 13, 140, 273, 161, 0, 33.52%, 17, 0, 2, 144.85, 353639, 762
7129, 13, 140, 273, 161, 0, 33.52%, 17, 0, 2, 142.75, 354379, 762
7134, 13, 125, 273, 161, 0, 33.52%, 17, 0, 2, 144.49, 355129, 762
7139, 13, 140, 273, 160, 0, 33.52%, 17, 0, 2, 144.68, 355878, 762
7144, 13, 140, 273, 160, 0, 33.52%, 17, 0, 2, 144.74, 356624, 762
7150, 13, 140, 273, 160, 0, 33.52%, 17, 0, 2, 144.57, 357368, 762
7155, 13, 140, 273, 160, 0, 33.52%, 17, 0, 2, 145.22, 358114, 762
7160, 13, 140, 273, 160, 0, 33.52%, 17, 0, 2, 144.72, 358862, 762
7165, 13, 140, 273, 160, 0, 33.52%, 17, 0, 2, 145.09, 359610, 762
7170, 13, 140, 273, 160, 0, 33.52%, 17, 0, 2, 144.79, 360358, 762
7175, 14, 140, 273, 160, 0, 33.52%, 17, 0, 2, 144.86, 361108, 762
7180, 14, 140, 273, 160, 0, 33.52%, 17, 0, 2, 145.22, 361858, 762
7186, 14, 140, 273, 160, 0, 33.52%, 17, 0, 2, 144.68, 362604, 762
7191, 14, 140, 273, 160, 0, 33.52%, 17, 0, 2, 144.56, 363349, 762
7196, 14, 140, 273, 160, 0, 33.52%, 17, 0, 2, 145.51, 364096, 762
7201, 14, 140, 273, 160, 0, 33.52%, 17, 0, 2, 144.70, 364838, 762
7206, 14, 140, 273, 160, 0, 33.52%, 17, 0, 2, 144.90, 365582, 762
7211, 14, 19, 273, 160, 0, 33.52%, 17, 0, 2, 144.79, 366328, 762
7217, 14, 237, 273, 160, 0, 33.52%, 17, 0, 2, 144.70, 367072, 762
7222, 14, 140, 273, 160, 0, 33.52%, 17, 0, 2, 144.37, 367814, 762
7227, 14, 140, 273, 160, 0, 33.52%, 17, 0, 2, 143.19, 368558, 762
7232, 14, 140, 273, 160, 0, 33.52%, 17, 0, 2, 144.43, 369300, 762
7237, 14, 140, 273, 160, 0, 33.52%, 17, 0, 2, 144.74, 370044, 762
7242, 14, 140, 273, 160, 0, 33.52%, 17, 0, 2, 144.90, 370789, 762
7247, 14, 140, 273, 160, 0, 33.52%, 17, 0, 2, 144.68, 371534, 762
7253, 14, 140, 273, 160, 0, 33.52%, 17, 0, 2, 144.86, 372280, 762
7258, 14, 140, 273, 160, 0, 33.52%, 17, 0, 2, 145.26, 373030, 762
7263, 14, 122, 273, 160, 0, 33.52%, 17, 0, 2, 145.29, 373778, 762
7268, 14, 19, 273, 159, 0, 33.52%, 17, 0, 2, 145.41, 374528, 762
7273, 14, 140, 273, 159, 0, 33.52%, 17, 0, 2, 144.71, 375274, 762
7278, 14, 140, 273, 159, 0, 33.52%, 17, 0, 2, 144.88, 376024, 762
7284, 14, 140, 273, 159, 0, 33.52%, 17, 0, 2, 145.53, 376774, 762
7289, 14, 140, 273, 159, 0, 33.52%, 17, 0, 2, 135.63, 377488, 762
7294, 14, 140, 273, 159, 0, 33.52%, 17, 0, 2, 141.34, 378218, 762
7299, 14, 140, 273, 159, 0, 33.52%, 17, 0, 2, 143.83, 378966, 762
7304, 14, 140, 273, 159, 0, 33.52%, 17, 0, 2, 144.75, 379710, 762
7309, 14, 140, 273, 159, 0, 33.52%, 17, 0, 2, 144.79, 380460, 762
7315, 14, 140, 273, 159, 0, 33.52%, 17, 0, 2, 145.25, 381208, 762
7320, 14, 140, 273, 159, 0, 33.52%, 17, 0, 2, 145.07, 381953, 762
7325, 14, 140, 273, 159, 0, 33.52%, 17, 0, 2, 144.47, 382698, 762
7330, 14, 140, 273, 159, 0, 33.52%, 17, 0, 2, 144.59, 383448, 762
7335, 14, 140, 273, 158, 0, 33.52%, 17, 0, 2, 144.78, 384198, 762
7340, 14, 140, 273, 158, 0, 33.52%, 17, 0, 2, 144.07, 384942, 762
7346, 14, 140, 273, 158, 0, 33.52%, 17, 0, 2, 143.75, 385684, 762
7351, 14, 140, 273, 158, 0, 33.52%, 17, 0, 2, 144.02, 386426, 762
7356, 14, 26, 273, 158, 0, 33.52%, 17, 0, 2, 143.14, 387170, 762
7361, 14, 26, 273, 158, 0, 33.52%, 17, 0, 2, 142.60, 387888, 762
7366, 14, 140, 273, 157, 0, 33.52%, 17, 0, 2, 144.62, 388635, 762
7371, 14, 140, 274, 158, 0, 33.52%, 17, 0, 2, 144.02, 389377, 762
7376, 14, 140, 274, 158, 0, 33.52%, 17, 0, 2, 144.87, 390127, 762
7382, 14, 140, 274, 158, 0, 33.52%, 17, 0, 2, 145.19, 390877, 762
7387, 14, 140, 274, 158, 0, 33.52%, 17, 0, 2, 145.18, 391623, 762
7392, 14, 140, 274, 158, 0, 33.52%, 17, 0, 2, 144.41, 392373, 762
7397, 14, 140, 274, 158, 0, 33.52%, 17, 0, 2, 144.72, 393119, 762
7402, 14, 140, 274, 158, 0, 33.52%, 17, 0, 2, 144.48, 393863, 762
7407, 14, 39, 274, 158, 0, 33.52%, 17, 0, 2, 143.96, 394609, 762
7412, 14, 39, 274, 158, 0, 33.52%, 17, 0, 2, 143.60, 395327, 762
7418, 14, 140, 274, 157, 0, 33.52%, 17, 0, 2, 144.84, 396078, 762
7423, 14, 140, 274, 157, 0, 33.52%, 17, 0, 2, 144.95, 396825, 762
7428, 14, 140, 274, 157, 0, 33.52%, 17, 0, 2, 144.73, 397572, 762
7433, 14, 140, 274, 157, 0, 33.52%, 17, 0, 2, 144.79, 398320, 762
7438, 14, 140, 274, 157, 0, 33.52%, 17, 0, 2, 144.69, 399064, 762
7443, 14, 140, 274, 157, 0, 33.52%, 17, 0, 2, 144.89, 399814, 762
7449, 14, 71, 274, 157, 0, 33.52%, 17, 0, 2, 145.24, 400564, 762
7454, 14, 140, 274, 157, 0, 33.52%, 17, 0, 2, 141.43, 401300, 762
7459, 14, 140, 274, 157, 0, 33.52%, 17, 0, 2, 117.00, 401852, 762
7464, 14, 140, 274, 157, 0, 33.52%, 17, 0, 2, 111.91, 402410, 762
7469, 14, 140, 274, 157, 0, 33.52%, 17, 0, 2, 111.14, 402976, 762
7474, 14, 140, 275, 158, 0, 33.52%, 17, 0, 2, 110.78, 403544, 762
7479, 14, 167, 275, 158, 0, 33.52%, 17, 0, 2, 110.87, 404108, 762
7484, 14, 140, 275, 157, 0, 33.52%, 17, 0, 2, 110.78, 404674, 762
7489, 14, 140, 275, 157, 0, 33.52%, 17, 0, 2, 121.58, 405271, 762
7494, 14, 202, 275, 157, 0, 33.52%, 17, 0, 2, 139.32, 406014, 762
7500, 14, 140, 275, 156, 0, 33.52%, 17, 0, 2, 143.21, 406760, 762
7505, 14, 140, 275, 156, 0, 33.52%, 17, 0, 2, 143.88, 407504, 762
7510, 14, 140, 275, 156, 0, 33.52%, 17, 0, 2, 143.45, 408246, 762
7515, 14, 140, 275, 156, 0, 33.52%, 17, 0, 2, 143.43, 408982, 762
7520, 14, 140, 275, 156, 0, 33.52%, 17, 0, 2, 120.69, 409600, 762
7525, 14, 140, 275, 156, 0, 33.52%, 17, 0, 2, 112.81, 410162, 762
7530, 14, 140, 275, 156, 0, 33.52%, 17, 0, 2, 111.15, 410722, 762
7535, 14, 140, 275, 156, 0, 33.52%, 17, 0, 2, 124.96, 411336, 762
7541, 14, 262, 275, 156, 0, 33.52%, 17, 0, 2, 140.66, 412086, 762
7546, 14, 140, 275, 155, 0, 33.52%, 17, 0, 2, 144.66, 412834, 762
7551, 14, 140, 275, 155, 0, 33.52%, 17, 0, 2, 144.71, 413582, 762
7556, 14, 140, 275, 155, 0, 33.52%, 17, 0, 2, 144.87, 414330, 762
7561, 14, 140, 275, 155, 0, 33.52%, 17, 0, 2, 145.05, 415080, 762
7566, 14, 71, 275, 155, 0, 33.52%, 17, 0, 2, 144.79, 415830, 762
7572, 14, 140, 275, 155, 0, 33.52%, 17, 0, 2, 144.87, 416578, 762
7577, 14, 207, 275, 155, 0, 33.52%, 17, 0, 2, 144.70, 417324, 762
7582, 14, 11, 275, 154, 0, 33.52%, 17, 0, 2, 144.08, 418072, 762
7587, 14, 11, 275, 154, 0, 33.52%, 17, 0, 2, 140.44, 418786, 762
7592, 14, 140, 275, 153, 0, 33.52%, 17, 0, 2, 142.03, 419512, 762
7597, 14, 140, 275, 153, 0, 33.52%, 17, 0, 2, 144.43, 420256, 762
7602, 14, 140, 275, 153, 0, 33.52%, 17, 0, 2, 144.75, 421004, 762
7608, 14, 140, 275, 153, 0, 33.52%, 17, 0, 2, 145.06, 421754, 762
7613, 14, 140, 275, 153, 0, 33.52%, 17, 0, 2, 145.11, 422504, 762
7618, 14, 7, 275, 153, 0, 33.52%, 17, 0, 2, 138.36, 423206, 762
7623, 14, 7, 275, 153, 0, 33.52%, 17, 0, 2, 137.83, 423906, 762
7628, 14, 7, 275, 153, 0, 33.52%, 17, 0, 2, 139.66, 424618, 762
7633, 14, 140, 275, 152, 0, 33.52%, 17, 0, 2, 143.78, 425364, 762
7638, 14, 140, 275, 152, 0, 33.52%, 17, 0, 2, 144.42, 426112, 762
7644, 14, 140, 275, 152, 0, 33.52%, 17, 0, 2, 144.93, 426860, 762
7649, 14, 140, 275, 152, 0, 33.52%, 17, 0, 2, 140.82, 427572, 762
7654, 14, 140, 275, 152, 0, 33.52%, 17, 0, 2, 141.30, 428307, 762
7659, 14, 140, 275, 152, 0, 33.52%, 17, 0, 2, 144.10, 429050, 762
7664, 14, 140, 275, 152, 0, 33.52%, 17, 0, 2, 144.51, 429796, 762
7669, 14, 140, 275, 152, 0, 33.52%, 17, 0, 2, 144.67, 430546, 762
7675, 14, 140, 275, 152, 0, 33.52%, 17, 0, 2, 144.74, 431294, 762
7680, 14, 140, 275, 152, 0, 33.52%, 17, 0, 2, 145.00, 432042, 762
7685, 14, 140, 275, 152, 0, 33.52%, 17, 0, 2, 145.15, 432788, 762
7690, 14, 140, 275, 152, 0, 33.52%, 17, 0, 2, 144.52, 433536, 762
7695, 14, 140, 275, 152, 0, 33.52%, 17, 0, 2, 143.85, 434276, 762
7700, 14, 140, 275, 152, 0, 33.52%, 17, 0, 2, 144.34, 435020, 762
7706, 14, 140, 275, 152, 0, 33.52%, 17, 0, 2, 143.75, 435759, 762
7711, 14, 140, 275, 152, 0, 33.52%, 17, 0, 2, 144.39, 436498, 762
7716, 14, 140, 276, 153, 0, 33.52%, 17, 0, 2, 142.91, 437234, 762
7721, 14, 140, 276, 153, 0, 33.52%, 17, 0, 2, 142.95, 437978, 762
7726, 14, 140, 276, 153, 0, 33.52%, 17, 0, 2, 144.42, 438728, 762
7731, 14, 140, 276, 153, 0, 33.52%, 17, 0, 2, 144.01, 439471, 762
7737, 14, 140, 276, 153, 0, 33.52%, 17, 0, 2, 144.91, 440215, 762
7742, 14, 140, 276, 153, 0, 33.52%, 17, 0, 2, 145.51, 440964, 762
7747, 14, 140, 276, 153, 0, 33.52%, 17, 0, 2, 145.35, 441710, 762
7752, 14, 140, 276, 153, 0, 33.52%, 17, 0, 2, 143.34, 442448, 762
7757, 14, 140, 276, 152, 0, 33.52%, 17, 0, 2, 144.05, 443196, 762
7762, 14, 140, 276, 152, 0, 33.52%, 17, 0, 2, 143.78, 443940, 762
7768, 14, 140, 276, 152, 0, 33.52%, 17, 0, 2, 143.62, 444684, 762
7773, 14, 140, 276, 152, 0, 33.52%, 17, 0, 2, 144.43, 445434, 762
7778, 14, 140, 276, 152, 0, 33.52%, 17, 0, 2, 144.79, 446181, 762
7783, 15, 140, 276, 152, 0, 33.52%, 17, 0, 2, 144.71, 446932, 762
7788, 15, 140, 276, 152, 0, 33.52%, 17, 0, 2, 144.54, 447680, 762
7793, 15, 140, 276, 152, 0, 33.52%, 17, 0, 2, 144.35, 448421, 762
7799, 15, 140, 276, 152, 0, 33.52%, 17, 0, 2, 145.17, 449170, 762
7804, 15, 140, 276, 152, 0, 33.52%, 17, 0, 2, 144.80, 449916, 762
7809, 15, 140, 276, 152, 0, 33.52%, 17, 0, 2, 144.70, 450666, 762
7814, 15, 59, 276, 152, 0, 33.52%, 17, 0, 2, 144.38, 451412, 762
7819, 15, 140, 276, 152, 0, 33.52%, 17, 0, 2, 144.28, 452162, 762
7824, 15, 140, 276, 152, 0, 33.52%, 17, 0, 2, 144.21, 452906, 762
7830, 15, 140, 276, 152, 0, 33.52%, 17, 0, 2, 143.78, 453644, 762
7835, 15, 235, 276, 152, 0, 33.52%, 17, 0, 2, 142.91, 454382, 762
7840, 15, 140, 276, 151, 0, 33.52%, 17, 0, 2, 143.66, 455130, 762
7845, 15, 59, 276, 151, 0, 33.52%, 17, 0, 2, 143.69, 455866, 762
7850, 15, 140, 276, 151, 0, 33.52%, 17, 0, 2, 143.44, 456606, 762
7855, 15, 140, 276, 151, 0, 33.52%, 17, 0, 2, 144.61, 457352, 762
7861, 15, 140, 276, 151, 0, 33.52%, 17, 0, 2, 144.73, 458098, 762
7866, 15, 140, 276, 151, 0, 33.52%, 17, 0, 2, 144.85, 458842, 762
7871, 15, 140, 276, 151, 0, 33.52%, 17, 0, 2, 145.10, 459592, 762
7876, 15, 140, 276, 151, 0, 33.52%, 17, 0, 2, 145.14, 460342, 762
7881, 15, 140, 276, 151, 0, 33.52%, 17, 0, 2, 144.96, 461088, 762
7886, 15, 140, 276, 151, 0, 33.52%, 17, 0, 2, 141.27, 461818, 762
7891, 15, 140, 276, 151, 0, 33.52%, 17, 0, 2, 135.42, 462456, 762
7896, 15, 140, 276, 151, 0, 33.52%, 17, 0, 2, 142.35, 463202, 762
7902, 15, 140, 276, 151, 0, 33.52%, 17, 0, 2, 144.32, 463947, 762
7907, 15, 140, 276, 151, 0, 33.52%, 17, 0, 2, 145.10, 464698, 762
7912, 15, 140, 276, 151, 0, 33.52%, 17, 0, 2, 144.14, 465436, 762
7917, 15, 140, 276, 151, 0, 33.52%, 17, 0, 2, 128.63, 466115, 762
7922, 15, 140, 276, 151, 0, 33.52%, 17, 0, 2, 114.37, 466676, 762
7927, 15, 140, 276, 151, 0, 33.52%, 17, 0, 2, 133.80, 467366, 762
7933, 15, 25, 276, 151, 0, 33.52%, 17, 0, 2, 140.33, 468105, 762
7938, 15, 140, 276, 149, 0, 33.52%, 17, 0, 2, 144.08, 468854, 762
7943, 15, 140, 276, 149, 0, 33.52%, 17, 0, 2, 144.49, 469602, 762
7948, 15, 140, 276, 149, 0, 33.52%, 17, 0, 2, 144.92, 470350, 762
7953, 15, 140, 276, 149, 0, 33.52%, 17, 0, 2, 144.97, 471100, 762
7958, 15, 140, 276, 149, 0, 33.52%, 17, 0, 2, 144.96, 471850, 762
7963, 15, 59, 276, 149, 0, 33.52%, 17, 0, 2, 145.01, 472594, 762
7969, 15, 108, 276, 149, 0, 33.52%, 17, 0, 2, 145.04, 473344, 762
7974, 15, 140, 276, 148, 0, 33.52%, 17, 0, 2, 144.70, 474094, 762
7979, 15, 140, 276, 148, 0, 33.52%, 17, 0, 2, 136.44, 474790, 762
7984, 15, 140, 276, 148, 0, 33.52%, 17, 0, 2, 142.77, 475536, 762
7989, 15, 140, 276, 148, 0, 33.52%, 17, 0, 2, 143.93, 476280, 762
7994, 15, 140, 276, 148, 0, 33.52%, 17, 0, 2, 144.37, 477026, 762
8000, 15, 140, 276, 148, 0, 33.52%, 17, 0, 2, 143.35, 477768, 762
8005, 15, 140, 276, 148, 0, 33.52%, 17, 0, 2, 143.98, 478510, 762
8010, 15, 140, 276, 148, 0, 33.52%, 17, 0, 2, 143.90, 479254, 762
8015, 15, 140, 276, 148, 0, 33.52%, 17, 0, 2, 141.89, 479984, 762
8020, 15, 140, 276, 148, 0, 33.52%, 17, 0, 2, 143.40, 480730, 762
8025, 15, 140, 276, 148, 0, 33.52%, 17, 0, 2, 143.75, 481470, 762
8031, 15, 140, 276, 148, 0, 33.52%, 17, 0, 2, 143.79, 482214, 762
8036, 15, 140, 276, 148, 0, 33.52%, 17, 0, 2, 143.88, 482959, 762
8041, 15, 140, 276, 148, 0, 33.52%, 17, 0, 2, 144.54, 483704, 762
8046, 15, 140, 276, 148, 0, 33.52%, 17, 0, 2, 144.34, 484448, 762
8051, 15, 103, 276, 148, 0, 33.52%, 17, 0, 2, 144.67, 485198, 762
8056, 15, 140, 276, 146, 0, 33.52%, 17, 0, 2, 144.97, 485947, 762
8062, 15, 140, 276, 146, 0, 33.52%, 17, 0, 2, 144.41, 486691, 762
8067, 15, 140, 276, 146, 0, 33.52%, 17, 0, 2, 143.93, 487435, 762
8072, 15, 140, 276, 146, 0, 33.52%, 17, 0, 2, 144.23, 488180, 762
8077, 15, 140, 276, 146, 0, 33.52%, 17, 0, 2, 144.54, 488927, 762
8082, 15, 140, 276, 146, 0, 33.52%, 17, 0, 2, 144.21, 489673, 762
8087, 15, 255, 276, 146, 0, 33.52%, 17, 0, 2, 138.41, 490379, 762
8093, 15, 140, 276, 145, 0, 33.52%, 17, 0, 2, 140.79, 491100, 762
8098, 15, 140, 276, 145, 0, 33.52%, 17, 0, 2, 144.21, 491845, 762
8103, 15, 140, 276, 145, 0, 33.52%, 17, 0, 2, 144.54, 492589, 762
8108, 15, 140, 276, 145, 0, 33.52%, 17, 0, 2, 144.76, 493334, 762
8113, 15, 140, 276, 145, 0, 33.52%, 17, 0, 2, 144.76, 494082, 762
8118, 15, 140, 276, 145, 0, 33.52%, 17, 0, 2, 142.86, 494798, 762
8123, 15, 140, 276, 145, 0, 33.52%, 17, 0, 2, 144.05, 495544, 762
8129, 15, 140, 276, 145, 0, 33.52%, 17, 0, 2, 144.76, 496288, 762
8134, 15, 140, 276, 145, 0, 33.52%, 17, 0, 2, 144.88, 497038, 762
8139, 15, 140, 276, 145, 0, 33.52%, 17, 0, 2, 144.83, 497786, 762
8144, 15, 140, 276, 145, 0, 33.52%, 17, 0, 2, 145.08, 498536, 762
8149, 15, 19, 276, 145, 0, 33.52%, 17, 0, 2, 144.95, 499285, 762
8154, 15, 140, 276, 145, 0, 33.52%, 17, 0, 2, 144.81, 500030, 762
8160, 15, 140, 276, 145, 0, 33.52%, 17, 0, 2, 144.20, 500774, 762
8165, 15, 140, 276, 145, 0, 33.52%, 17, 0, 2, 144.79, 501524, 762
8170, 15, 140, 276, 145, 0, 33.52%, 17, 0, 2, 145.00, 502272, 762
8175, 15, 10, 276, 145, 0, 33.52%, 17, 0, 2, 142.13, 503008, 762
8180, 15, 140, 276, 145, 0, 33.52%, 17, 0, 2, 138.87, 503718, 762
8185, 15, 178, 276, 145, 0, 33.52%, 17, 0, 2, 139.54, 504434, 762
8190, 15, 140, 276, 144, 0, 33.52%, 17, 0, 2, 140.95, 505144, 762
8195, 15, 140, 276, 144, 0, 33.52%, 17, 0, 2, 143.12, 505882, 762
8201, 15, 140, 276, 144, 0, 33.52%, 17, 0, 2, 144.72, 506632, 762
8206, 15, 140, 276, 144, 0, 33.52%, 17, 0, 2, 144.93, 507382, 762
8211, 15, 140, 276, 144, 0, 33.52%, 17, 0, 2, 144.79, 508129, 762
8216, 15, 140, 276, 144, 0, 33.52%, 17, 0, 2, 144.76, 508874, 762
8221, 15, 140, 276, 144, 0, 33.52%, 17, 0, 2, 144.47, 509510, 762
