# relative_time, cycles_done, cur_item, corpus_count, pending_total, pending_favs, map_size, saved_crashes, saved_hangs, max_depth, execs_per_sec, total_execs, edges_found
61, 0, 2, 84, 81, 9, 31.36%, 0, 0, 2, 167.18, 16616, 857
66, 0, 75, 86, 81, 3, 31.36%, 0, 0, 2, 184.81, 17494, 857
71, 0, 20, 87, 81, 2, 31.36%, 0, 0, 3, 176.42, 18343, 857
77, 0, 70, 93, 86, 1, 31.69%, 0, 0, 3, 186.22, 19371, 866
82, 0, 93, 94, 85, 1, 31.87%, 0, 0, 3, 141.13, 20048, 871
87, 0, 93, 97, 88, 1, 31.87%, 0, 0, 4, 148.20, 20781, 871
92, 0, 93, 103, 94, 1, 31.94%, 0, 0, 4, 152.99, 21559, 873
97, 0, 93, 106, 97, 1, 31.94%, 0, 0, 4, 156.59, 22375, 873
102, 0, 93, 108, 99, 1, 31.94%, 0, 0, 4, 160.90, 23194, 873
107, 0, 93, 110, 101, 1, 32.09%, 0, 0, 4, 161.23, 24025, 877
112, 0, 93, 112, 103, 1, 32.09%, 0, 0, 4, 160.93, 24844, 877
117, 0, 93, 114, 105, 1, 32.09%, 0, 0, 4, 158.66, 25651, 877
122, 0, 93, 115, 106, 1, 32.09%, 0, 0, 4, 161.43, 26494, 877
127, 0, 93, 116, 107, 1, 32.09%, 0, 0, 4, 159.78, 27301, 877
133, 0, 93, 117, 108, 1, 32.09%, 0, 0, 4, 160.51, 28123, 877
138, 0, 93, 118, 109, 1, 32.09%, 0, 0, 4, 161.96, 28951, 877
143, 0, 93, 119, 110, 1, 32.20%, 0, 0, 4, 160.89, 29767, 880
148, 0, 93, 119, 110, 1, 32.20%, 0, 0, 4, 162.51, 30581, 880
153, 0, 93, 120, 111, 1, 32.20%, 0, 0, 4, 159.58, 31376, 880
158, 0, 93, 120, 111, 1, 32.20%, 0, 0, 4, 162.33, 32210, 880
163, 0, 93, 120, 111, 1, 32.20%, 0, 0, 4, 160.07, 33023, 880
168, 0, 100, 121, 111, 5, 32.20%, 0, 0, 4, 151.00, 33814, 880
173, 0, 119, 121, 110, 4, 32.20%, 0, 0, 4, 139.74, 34549, 880
178, 0, 9, 123, 111, 3, 32.20%, 0, 0, 5, 170.48, 35423, 880
183, 0, 110, 123, 110, 2, 32.20%, 0, 0, 5, 162.98, 36167, 880
188, 0, 110, 124, 111, 2, 32.20%, 0, 0, 5, 158.44, 36903, 880
193, 0, 118, 126, 112, 1, 32.27%, 0, 0, 5, 157.32, 37721, 882
198, 0, 118, 127, 113, 1, 32.86%, 0, 0, 5, 276.88, 39323, 898
204, 0, 126, 131, 116, 4, 33.15%, 0, 0, 5, 177.01, 40140, 906
209, 0, 130, 131, 115, 3, 33.15%, 0, 0, 5, 153.24, 40947, 906
214, 0, 129, 133, 116, 2, 33.15%, 0, 0, 6, 161.08, 41839, 906
219, 0, 129, 139, 122, 2, 33.15%, 0, 0, 6, 176.58, 42701, 906
224, 0, 129, 143, 126, 2, 33.30%, 0, 0, 6, 177.89, 43605, 910
229, 0, 129, 143, 126, 2, 33.30%, 0, 0, 6, 190.57, 44577, 910
234, 0, 129, 144, 127, 2, 33.30%, 0, 0, 6, 188.55, 45528, 910
239, 0, 129, 145, 128, 2, 33.30%, 0, 0, 6, 176.41, 46425, 910
244, 0, 129, 145, 128, 2, 33.30%, 0, 0, 6, 190.09, 47412, 910
249, 0, 129, 146, 129, 2, 33.30%, 0, 0, 6, 188.15, 48384, 910
254, 0, 129, 146, 129, 2, 33.30%, 0, 0, 6, 188.43, 49326, 910
259, 0, 129, 147, 130, 2, 33.48%, 0, 0, 6, 188.66, 50274, 915
264, 0, 129, 147, 130, 2, 33.48%, 0, 0, 6, 183.72, 51207, 915
269, 0, 129, 148, 131, 2, 33.48%, 0, 0, 6, 186.40, 52170, 915
275, 0, 129, 148, 131, 2, 33.48%, 0, 0, 6, 183.45, 53118, 915
280, 0, 129, 148, 131, 2, 33.48%, 0, 0, 6, 183.83, 54042, 915
285, 0, 129, 150, 133, 2, 33.48%, 0, 0, 6, 180.16, 54954, 915
290, 0, 146, 150, 131, 4, 33.48%, 0, 0, 6, 149.18, 55732, 915
295, 0, 146, 154, 135, 4, 34.07%, 0, 0, 7, 177.32, 56666, 931
300, 0, 140, 157, 137, 5, 34.10%, 0, 0, 7, 171.67, 57550, 932
305, 0, 140, 163, 143, 5, 34.10%, 0, 0, 7, 167.88, 58418, 932
310, 0, 140, 165, 145, 5, 34.10%, 0, 0, 7, 165.92, 59249, 932
315, 0, 135, 166, 145, 5, 34.32%, 0, 0, 7, 197.36, 60242, 938
320, 0, 167, 169, 147, 6, 34.39%, 0, 0, 7, 152.23, 61013, 940
326, 0, 160, 169, 146, 5, 34.39%, 0, 0, 7, 168.64, 61809, 940
331, 0, 151, 170, 146, 4, 34.39%, 0, 0, 8, 144.56, 62561, 940
336, 0, 138, 172, 147, 4, 34.61%, 0, 0, 8, 174.46, 63479, 946
341, 0, 153, 173, 147, 3, 34.61%, 0, 0, 8, 180.82, 64410, 946
346, 0, 153, 175, 149, 3, 34.91%, 0, 0, 8, 234.38, 65488, 954
351, 0, 173, 176, 149, 4, 35.02%, 0, 0, 8, 162.62, 66301, 957
356, 0, 171, 177, 149, 3, 35.02%, 0, 0, 9, 198.61, 67168, 957
361, 0, 171, 178, 150, 3, 35.02%, 0, 0, 9, 243.43, 68532, 957
366, 0, 175, 179, 150, 2, 35.13%, 0, 0, 9, 209.66, 69447, 960
371, 0, 178, 180, 150, 2, 35.13%, 0, 0, 9, 168.67, 70348, 960
376, 0, 165, 183, 152, 1, 35.13%, 0, 0, 9, 211.52, 71329, 960
381, 0, 165, 186, 155, 1, 35.38%, 0, 0, 9, 247.95, 72736, 967
387, 0, 183, 187, 154, 1, 35.53%, 0, 0, 9, 154.12, 73423, 971
392, 0, 183, 188, 155, 1, 35.68%, 0, 0, 9, 176.53, 74348, 975
397, 0, 183, 195, 162, 1, 35.86%, 0, 0, 9, 189.66, 75367, 980
402, 0, 183, 200, 167, 1, 35.86%, 0, 0, 9, 164.26, 76162, 980
407, 0, 186, 201, 167, 4, 35.86%, 0, 0, 9, 160.28, 77020, 980
412, 0, 188, 201, 166, 3, 35.86%, 0, 0, 9, 160.34, 77765, 980
417, 0, 196, 201, 165, 2, 35.86%, 0, 0, 9, 149.37, 78564, 980
422, 0, 196, 203, 167, 2, 35.86%, 0, 0, 10, 157.88, 79327, 980
427, 0, 196, 203, 167, 2, 35.86%, 0, 0, 10, 186.16, 80231, 980
432, 0, 187, 204, 167, 1, 35.89%, 0, 0, 10, 196.19, 81222, 981
437, 0, 187, 207, 170, 1, 35.89%, 0, 0, 10, 195.41, 82262, 981
442, 0, 75, 208, 169, 1, 35.89%, 0, 0, 10, 193.73, 83202, 981
447, 0, 203, 208, 169, 1, 35.89%, 0, 0, 10, 210.29, 84187, 981
453, 0, 204, 209, 169, 0, 35.89%, 0, 0, 10, 284.71, 85725, 981
458, 0, 135, 209, 169, 0, 35.89%, 0, 0, 10, 270.19, 86990, 981
463, 0, 75, 211, 171, 0, 35.89%, 0, 0, 10, 287.75, 88405, 981
468, 0, 75, 211, 171, 0, 35.89%, 0, 0, 10, 315.30, 89856, 981
473, 0, 75, 211, 171, 0, 35.89%, 0, 0, 10, 349.07, 91614, 981
478, 0, 4, 211, 171, 0, 35.89%, 0, 0, 10, 318.30, 93160, 981
483, 0, 203, 215, 175, 0, 35.89%, 0, 0, 11, 321.08, 94804, 981
489, 0, 187, 215, 175, 0, 35.89%, 0, 0, 11, 274.61, 96118, 981
494, 0, 75, 216, 176, 0, 35.89%, 0, 0, 11, 283.38, 97452, 981
499, 0, 75, 218, 178, 0, 35.89%, 0, 0, 11, 301.05, 98956, 981
504, 0, 183, 219, 179, 0, 35.89%, 0, 0, 11, 253.86, 100237, 981
509, 0, 76, 222, 182, 0, 35.89%, 0, 0, 11, 243.10, 101465, 981
514, 0, 186, 225, 185, 0, 36.19%, 0, 0, 11, 216.71, 102628, 989
519, 0, 110, 226, 185, 0, 36.19%, 0, 0, 11, 266.94, 103998, 989
524, 0, 226, 227, 186, 1, 36.37%, 0, 0, 11, 177.55, 104892, 994
529, 0, 4, 229, 187, 0, 36.37%, 0, 0, 11, 276.25, 106278, 994
534, 0, 187, 232, 190, 0, 36.66%, 0, 0, 11, 281.73, 107677, 1002
539, 0, 231, 234, 192, 1, 36.66%, 0, 0, 11, 192.74, 108595, 1002
544, 0, 75, 235, 192, 0, 36.66%, 0, 0, 11, 233.16, 109722, 1002
550, 0, 75, 237, 194, 0, 36.66%, 0, 0, 11, 291.56, 111268, 1002
555, 0, 4, 240, 197, 0, 36.66%, 0, 0, 11, 303.59, 112821, 1002
560, 0, 235, 241, 198, 0, 36.66%, 0, 0, 11, 182.64, 113549, 1002
565, 0, 4, 244, 200, 0, 36.66%, 0, 0, 11, 283.64, 115143, 1002
570, 0, 224, 244, 200, 0, 36.66%, 0, 0, 11, 303.66, 116688, 1002
575, 0, 187, 244, 200, 0, 36.66%, 0, 0, 11, 263.58, 118013, 1002
580, 0, 75, 244, 200, 0, 36.66%, 0, 0, 11, 307.95, 119680, 1002
586, 0, 75, 244, 200, 0, 36.66%, 0, 0, 11, 310.31, 121208, 1002
591, 0, 76, 244, 200, 0, 36.66%, 0, 0, 11, 287.89, 122669, 1002
596, 0, 75, 244, 200, 0, 36.66%, 0, 0, 11, 288.71, 124079, 1002
601, 0, 119, 245, 201, 0, 36.66%, 0, 0, 11, 273.88, 125567, 1002
606, 0, 75, 246, 202, 0, 36.66%, 0, 0, 11, 287.64, 126977, 1002
611, 0, 226, 249, 205, 0, 36.81%, 0, 0, 11, 253.87, 128213, 1006
616, 0, 248, 250, 206, 1, 36.81%, 0, 0, 11, 220.21, 129375, 1006
621, 0, 4, 250, 205, 0, 36.81%, 0, 0, 11, 245.31, 130577, 1006
626, 0, 171, 251, 206, 0, 36.81%, 0, 0, 11, 222.02, 131724, 1006
631, 0, 224, 253, 208, 0, 36.81%, 0, 0, 11, 309.97, 133444, 1006
637, 0, 75, 254, 209, 0, 36.81%, 0, 0, 11, 292.35, 134831, 1006
642, 0, 135, 254, 209, 0, 36.81%, 0, 0, 11, 288.42, 136301, 1006
647, 0, 224, 256, 211, 0, 36.81%, 0, 0, 11, 285.46, 137808, 1006
652, 0, 187, 258, 213, 0, 36.81%, 0, 0, 11, 259.53, 139170, 1006
657, 0, 4, 258, 212, 0, 36.81%, 0, 0, 11, 211.27, 140040, 1006
662, 0, 224, 258, 212, 0, 36.81%, 0, 0, 11, 245.01, 141459, 1006
667, 0, 75, 261, 215, 0, 36.81%, 0, 0, 11, 252.23, 142739, 1006
672, 0, 75, 262, 216, 0, 36.81%, 0, 0, 11, 313.24, 144408, 1006
677, 0, 187, 262, 216, 0, 36.81%, 0, 0, 11, 228.46, 145475, 1006
682, 0, 75, 264, 218, 0, 36.81%, 0, 0, 11, 279.50, 146989, 1006
688, 0, 241, 264, 218, 0, 36.81%, 0, 0, 11, 257.04, 148318, 1006
693, 0, 75, 265, 218, 0, 36.81%, 0, 0, 11, 214.53, 149227, 1006
698, 1, 119, 267, 220, 0, 36.85%, 0, 0, 11, 211.26, 150416, 1007
703, 1, 119, 271, 224, 0, 36.85%, 0, 0, 11, 193.59, 151377, 1007
708, 1, 119, 271, 224, 0, 36.85%, 0, 0, 11, 184.73, 152331, 1007
713, 1, 119, 272, 225, 0, 36.85%, 0, 0, 11, 185.19, 153258, 1007
718, 1, 119, 273, 226, 0, 36.85%, 0, 0, 11, 180.10, 154155, 1007
723, 1, 119, 274, 227, 0, 36.85%, 0, 0, 11, 186.75, 155085, 1007
728, 1, 119, 274, 227, 0, 36.85%, 0, 0, 11, 177.32, 156036, 1007
733, 1, 119, 275, 228, 0, 36.85%, 0, 0, 11, 175.03, 156909, 1007
739, 1, 119, 276, 229, 0, 36.85%, 0, 0, 11, 176.20, 157836, 1007
744, 1, 119, 276, 229, 0, 36.85%, 0, 0, 11, 181.74, 158784, 1007
749, 1, 119, 277, 230, 0, 36.85%, 0, 0, 11, 183.91, 159702, 1007
754, 1, 119, 277, 230, 0, 36.85%, 0, 0, 11, 185.62, 160644, 1007
759, 1, 119, 277, 230, 0, 36.85%, 0, 0, 11, 192.50, 161640, 1007
764, 1, 119, 277, 230, 0, 36.85%, 0, 0, 11, 180.09, 162549, 1007
769, 1, 266, 277, 230, 1, 36.85%, 0, 0, 11, 180.75, 163490, 1007
774, 1, 110, 277, 229, 0, 36.85%, 0, 0, 11, 265.23, 164725, 1007
779, 1, 257, 277, 229, 0, 36.85%, 0, 0, 11, 220.69, 165856, 1007
784, 1, 76, 277, 229, 0, 36.85%, 0, 0, 11, 247.59, 167138, 1007
790, 1, 183, 278, 230, 0, 36.85%, 0, 0, 11, 229.06, 168346, 1007
795, 1, 98, 278, 230, 0, 36.85%, 0, 0, 11, 195.10, 169207, 1007
800, 1, 196, 279, 230, 0, 36.85%, 0, 0, 11, 247.59, 170582, 1007
805, 1, 25, 280, 231, 0, 36.85%, 0, 0, 11, 226.85, 171772, 1007
810, 1, 68, 280, 230, 0, 36.85%, 0, 0, 11, 284.58, 173117, 1007
815, 1, 75, 280, 229, 0, 36.85%, 0, 0, 11, 258.42, 174339, 1007
820, 1, 224, 281, 230, 0, 36.85%, 0, 0, 11, 235.70, 175595, 1007
825, 1, 4, 281, 230, 0, 36.85%, 0, 0, 11, 280.93, 177019, 1007
830, 1, 123, 281, 230, 0, 36.85%, 0, 0, 11, 215.33, 178058, 1007
835, 1, 224, 282, 230, 0, 36.85%, 0, 0, 11, 266.80, 179516, 1007
840, 1, 75, 285, 233, 0, 36.85%, 0, 0, 11, 312.32, 181053, 1007
845, 1, 75, 285, 233, 0, 36.85%, 0, 0, 11, 282.01, 182406, 1007
851, 1, 224, 286, 234, 0, 36.85%, 0, 0, 11, 326.92, 184210, 1007
856, 1, 286, 287, 235, 1, 36.85%, 0, 0, 11, 253.76, 185464, 1007
861, 1, 75, 288, 235, 0, 36.85%, 0, 0, 11, 253.64, 186601, 1007
866, 1, 4, 288, 235, 0, 36.85%, 0, 0, 11, 255.35, 187847, 1007
871, 1, 175, 289, 236, 0, 36.85%, 0, 0, 11, 234.08, 189023, 1007
876, 1, 224, 291, 238, 0, 36.85%, 0, 0, 11, 259.45, 190405, 1007
881, 1, 75, 293, 240, 0, 36.85%, 0, 0, 11, 260.44, 191740, 1007
887, 1, 109, 293, 240, 0, 36.85%, 0, 0, 11, 192.26, 192795, 1007
892, 1, 75, 294, 240, 0, 36.85%, 0, 0, 11, 232.04, 193966, 1007
897, 1, 110, 295, 241, 0, 36.85%, 0, 0, 11, 210.03, 195016, 1007
902, 1, 75, 295, 240, 0, 36.85%, 0, 0, 11, 220.42, 195980, 1007
907, 1, 295, 296, 241, 1, 37.14%, 0, 0, 11, 282.87, 197512, 1015
912, 1, 75, 296, 240, 0, 37.14%, 0, 0, 11, 292.24, 199031, 1015
917, 1, 257, 296, 240, 0, 37.14%, 0, 0, 11, 272.07, 200321, 1015
922, 1, 127, 296, 240, 0, 37.14%, 0, 0, 11, 205.86, 201349, 1015
927, 1, 75, 297, 240, 0, 37.14%, 0, 0, 11, 312.00, 202809, 1015
933, 1, 85, 297, 240, 0, 37.14%, 0, 0, 11, 197.21, 203770, 1015
938, 1, 4, 297, 239, 0, 37.14%, 0, 0, 11, 283.74, 205303, 1015
943, 1, 64, 298, 240, 0, 37.14%, 0, 0, 11, 246.11, 206627, 1015
948, 1, 298, 299, 240, 1, 37.39%, 0, 0, 11, 170.32, 207363, 1022
953, 1, 4, 299, 239, 0, 37.39%, 0, 0, 11, 238.26, 208471, 1022
958, 1, 75, 299, 239, 0, 37.39%, 0, 0, 11, 282.38, 209889, 1022
963, 1, 215, 299, 239, 0, 37.39%, 0, 0, 11, 224.48, 210901, 1022
968, 1, 75, 300, 239, 0, 37.39%, 0, 0, 11, 274.11, 212296, 1022
973, 1, 257, 302, 241, 0, 37.43%, 0, 0, 11, 211.19, 213347, 1023
978, 1, 301, 302, 241, 1, 37.43%, 0, 0, 11, 161.84, 214168, 1023
983, 1, 273, 302, 240, 0, 37.43%, 0, 0, 11, 182.28, 215048, 1023
988, 1, 4, 302, 239, 0, 37.43%, 0, 0, 11, 289.06, 216588, 1023
993, 1, 294, 302, 239, 0, 37.43%, 0, 0, 11, 247.99, 217908, 1023
999, 1, 175, 302, 239, 0, 37.43%, 0, 0, 11, 266.59, 219339, 1023
1004, 1, 75, 302, 239, 0, 37.43%, 0, 0, 11, 298.07, 220858, 1023
1009, 1, 186, 302, 239, 0, 37.43%, 0, 0, 11, 262.98, 222241, 1023
1014, 1, 224, 302, 239, 0, 37.43%, 0, 0, 11, 287.76, 223633, 1023
1019, 1, 75, 302, 239, 0, 37.43%, 0, 0, 11, 261.72, 224865, 1023
1024, 1, 75, 302, 239, 0, 37.43%, 0, 0, 11, 260.19, 226203, 1023
1029, 1, 187, 302, 239, 0, 37.43%, 0, 0, 11, 274.77, 227634, 1023
1034, 1, 75, 303, 240, 0, 37.43%, 0, 0, 11, 294.36, 229195, 1023
1039, 1, 304, 305, 242, 1, 37.58%, 0, 0, 11, 191.90, 230089, 1027
1044, 1, 75, 306, 242, 0, 37.58%, 0, 0, 11, 252.62, 231349, 1027
1049, 1, 4, 306, 242, 0, 37.58%, 0, 0, 11, 304.50, 232806, 1027
1055, 1, 304, 306, 242, 0, 37.58%, 0, 0, 11, 265.05, 234011, 1027
1060, 1, 4, 307, 242, 0, 37.58%, 0, 0, 11, 287.51, 235349, 1027
1065, 1, 224, 307, 242, 0, 37.58%, 0, 0, 11, 267.33, 236638, 1027
1070, 1, 75, 309, 244, 0, 37.58%, 0, 0, 11, 259.83, 237924, 1027
1075, 1, 75, 309, 244, 0, 37.58%, 0, 0, 11, 273.50, 239336, 1027
1080, 1, 149, 309, 244, 0, 37.58%, 0, 0, 11, 192.03, 240333, 1027
1085, 1, 75, 309, 243, 0, 37.58%, 0, 0, 11, 241.15, 241457, 1027
1090, 1, 310, 311, 245, 1, 37.72%, 0, 0, 12, 214.97, 242583, 1031
1095, 1, 75, 311, 244, 0, 37.72%, 0, 0, 12, 200.74, 243439, 1031
1100, 1, 75, 311, 243, 0, 37.72%, 0, 0, 12, 214.29, 244384, 1031
1105, 1, 4, 312, 244, 0, 37.72%, 0, 0, 12, 281.38, 245872, 1031
1110, 1, 75, 313, 245, 0, 37.72%, 0, 0, 12, 279.00, 247360, 1031
1115, 1, 203, 314, 246, 0, 37.72%, 0, 0, 12, 248.52, 248643, 1031
1120, 1, 204, 315, 247, 0, 37.72%, 0, 0, 12, 210.01, 249674, 1031
1126, 1, 196, 315, 247, 0, 37.72%, 0, 0, 12, 210.15, 250789, 1031
1131, 1, 196, 316, 248, 0, 37.72%, 0, 0, 12, 193.52, 251708, 1031
1136, 1, 75, 316, 248, 0, 37.72%, 0, 0, 12, 266.57, 253142, 1031
1141, 1, 135, 317, 249, 0, 37.72%, 0, 0, 12, 241.54, 254366, 1031
1146, 1, 119, 317, 249, 0, 37.72%, 0, 0, 12, 224.63, 255461, 1031
1151, 1, 36, 317, 249, 0, 37.72%, 0, 0, 12, 185.52, 256302, 1031
1156, 1, 4, 317, 248, 0, 37.72%, 0, 0, 12, 252.81, 257646, 1031
1161, 1, 4, 318, 249, 0, 37.72%, 0, 0, 12, 288.70, 259136, 1031
1166, 1, 248, 318, 249, 0, 37.72%, 0, 0, 12, 234.55, 260340, 1031
1171, 1, 224, 318, 249, 0, 37.72%, 0, 0, 12, 234.37, 261564, 1031
1177, 1, 277, 318, 249, 0, 37.72%, 0, 0, 12, 257.89, 263011, 1031
1182, 1, 277, 318, 249, 0, 37.72%, 0, 0, 12, 212.36, 263927, 1031
1187, 1, 167, 318, 248, 0, 37.72%, 0, 0, 12, 229.73, 265103, 1031
1192, 2, 204, 321, 251, 0, 37.72%, 0, 0, 12, 260.69, 266436, 1031
1197, 2, 75, 322, 252, 0, 37.72%, 0, 0, 12, 281.46, 267947, 1031
1202, 2, 75, 322, 252, 0, 37.72%, 0, 0, 12, 267.13, 269262, 1031
1207, 2, 75, 324, 254, 0, 37.72%, 0, 0, 12, 302.84, 270879, 1031
1212, 2, 4, 330, 260, 0, 37.72%, 0, 0, 12, 212.87, 271936, 1031
1217, 2, 4, 332, 262, 0, 37.72%, 0, 0, 12, 151.77, 272630, 1031
1223, 2, 75, 335, 265, 0, 37.72%, 0, 0, 12, 161.64, 273408, 1031
1228, 2, 224, 336, 266, 0, 37.72%, 0, 0, 12, 267.18, 274908, 1031
1233, 2, 75, 337, 267, 0, 37.72%, 0, 0, 12, 271.96, 276271, 1031
1238, 2, 277, 337, 267, 0, 37.72%, 0, 0, 12, 258.69, 277646, 1031
1243, 2, 75, 337, 267, 0, 37.72%, 0, 0, 12, 253.64, 278815, 1031
1248, 2, 224, 337, 267, 0, 37.72%, 0, 0, 12, 272.58, 280294, 1031
1253, 2, 183, 339, 269, 0, 37.72%, 0, 0, 12, 248.27, 281550, 1031
1258, 2, 337, 339, 269, 1, 37.72%, 0, 0, 12, 191.20, 282547, 1031
1263, 2, 310, 339, 268, 0, 37.72%, 0, 0, 12, 184.30, 283378, 1031
1268, 2, 150, 339, 268, 0, 37.72%, 0, 0, 12, 152.76, 284169, 1031
1274, 2, 224, 339, 267, 0, 37.72%, 0, 0, 12, 263.74, 285477, 1031
1279, 2, 4, 339, 267, 0, 37.72%, 0, 0, 12, 257.92, 286782, 1031
1284, 2, 204, 340, 268, 0, 37.72%, 0, 0, 12, 245.24, 288070, 1031
1289, 2, 75, 340, 268, 0, 37.72%, 0, 0, 12, 267.17, 289410, 1031
1294, 2, 75, 340, 268, 0, 37.72%, 0, 0, 12, 275.47, 290812, 1031
1299, 2, 301, 341, 269, 0, 37.72%, 0, 0, 12, 227.10, 292010, 1031
1304, 2, 4, 341, 269, 0, 37.72%, 0, 0, 12, 234.67, 293119, 1031
1309, 2, 4, 341, 269, 0, 37.72%, 0, 0, 12, 267.50, 294548, 1031
1314, 2, 75, 342, 270, 0, 37.72%, 0, 0, 12, 316.47, 296096, 1031
1319, 2, 75, 342, 270, 0, 37.72%, 0, 0, 12, 299.50, 297603, 1031
1324, 2, 75, 342, 270, 0, 37.72%, 0, 0, 12, 292.03, 299096, 1031
1330, 2, 75, 342, 270, 0, 37.72%, 0, 0, 12, 271.26, 300525, 1031
1335, 2, 284, 342, 270, 0, 37.72%, 0, 0, 12, 211.94, 301660, 1031
1340, 2, 86, 342, 269, 0, 37.72%, 0, 0, 12, 158.23, 302404, 1031
1345, 2, 224, 344, 270, 0, 37.72%, 0, 0, 12, 217.72, 303602, 1031
1350, 2, 181, 345, 271, 0, 37.72%, 0, 0, 12, 234.28, 304796, 1031
1355, 2, 277, 346, 272, 0, 37.72%, 0, 0, 12, 220.39, 305872, 1031
1360, 2, 75, 347, 272, 0, 37.72%, 0, 0, 12, 189.08, 306752, 1031
1365, 2, 75, 347, 272, 0, 37.72%, 0, 0, 12, 268.57, 308197, 1031
1370, 2, 75, 347, 272, 0, 37.72%, 0, 0, 12, 269.62, 309492, 1031
1375, 2, 75, 348, 273, 0, 37.72%, 0, 0, 12, 226.90, 310600, 1031
1380, 2, 181, 348, 273, 0, 37.72%, 0, 0, 12, 244.99, 311953, 1031
1386, 2, 75, 348, 273, 0, 37.72%, 0, 0, 12, 252.32, 313247, 1031
1391, 2, 75, 349, 274, 0, 37.72%, 0, 0, 12, 272.97, 314667, 1031
1396, 2, 110, 352, 277, 0, 37.72%, 0, 0, 12, 218.27, 315762, 1031
1401, 2, 75, 356, 281, 0, 37.72%, 0, 0, 12, 258.74, 317008, 1031
1406, 2, 75, 366, 291, 0, 37.72%, 1, 0, 12, 165.97, 317736, 1031
1411, 2, 75, 367, 292, 0, 37.72%, 1, 0, 12, 135.00, 318382, 1031
1416, 2, 75, 368, 293, 0, 37.72%, 1, 0, 12, 188.13, 319264, 1031
1421, 2, 4, 368, 293, 0, 37.72%, 1, 0, 12, 214.10, 320383, 1031
1426, 2, 4, 368, 293, 0, 37.72%, 1, 0, 12, 286.74, 321945, 1031
1431, 2, 4, 369, 294, 0, 37.72%, 1, 0, 12, 259.35, 323213, 1031
1437, 2, 311, 369, 294, 0, 37.72%, 1, 0, 12, 174.66, 324089, 1031
1442, 2, 4, 369, 293, 0, 37.72%, 1, 0, 12, 258.00, 325480, 1031
1447, 2, 181, 370, 294, 0, 37.72%, 2, 0, 12, 258.64, 326886, 1031
1452, 2, 4, 373, 297, 0, 37.72%, 2, 0, 12, 222.58, 328003, 1031
1457, 2, 250, 373, 297, 0, 37.72%, 2, 0, 12, 168.62, 328731, 1031
1462, 2, 274, 373, 296, 0, 37.72%, 2, 0, 12, 164.12, 329689, 1031
1467, 2, 4, 373, 295, 0, 37.72%, 2, 0, 12, 236.17, 330807, 1031
1472, 2, 75, 373, 295, 0, 37.72%, 2, 0, 12, 259.57, 332135, 1031
1477, 2, 75, 373, 295, 0, 37.72%, 2, 0, 12, 266.98, 333516, 1031
1482, 2, 75, 374, 296, 0, 37.72%, 2, 0, 12, 252.48, 334790, 1031
1487, 2, 4, 375, 297, 0, 37.72%, 2, 0, 12, 243.64, 336082, 1031
1492, 2, 4, 376, 298, 0, 37.72%, 2, 0, 12, 264.73, 337447, 1031
1498, 2, 100, 378, 300, 0, 37.72%, 2, 0, 12, 204.57, 338466, 1031
1503, 2, 4, 378, 300, 0, 37.72%, 2, 0, 12, 261.19, 339853, 1031
1508, 2, 310, 381, 303, 0, 37.87%, 2, 0, 13, 221.43, 340951, 1035
1513, 2, 310, 382, 304, 0, 37.87%, 2, 0, 13, 199.69, 341915, 1035
1518, 2, 310, 382, 304, 0, 37.87%, 2, 0, 13, 183.83, 342836, 1035
1523, 2, 383, 384, 306, 3, 38.05%, 3, 0, 13, 162.43, 343696, 1040
1528, 2, 381, 384, 305, 2, 38.05%, 3, 0, 13, 133.34, 344349, 1040
1533, 2, 381, 384, 305, 2, 38.05%, 3, 0, 13, 160.84, 345175, 1040
1538, 2, 381, 385, 306, 2, 38.05%, 3, 0, 14, 160.27, 346000, 1040
1543, 2, 383, 386, 306, 1, 38.09%, 3, 0, 14, 202.76, 347117, 1041
1549, 2, 383, 386, 306, 1, 38.09%, 3, 0, 14, 187.72, 348054, 1041
1554, 2, 383, 388, 308, 1, 38.09%, 3, 0, 14, 180.69, 348954, 1041
1559, 2, 383, 388, 308, 1, 38.09%, 3, 0, 14, 180.48, 349842, 1041
1564, 2, 383, 388, 308, 1, 38.09%, 3, 0, 14, 186.43, 350793, 1041
1569, 2, 383, 391, 311, 1, 38.09%, 3, 0, 14, 184.43, 351726, 1041
1574, 2, 383, 391, 311, 1, 38.09%, 3, 0, 14, 186.56, 352674, 1041
1579, 2, 383, 391, 311, 1, 38.09%, 3, 0, 14, 186.94, 353649, 1041
1584, 2, 383, 391, 311, 1, 38.09%, 3, 0, 14, 178.13, 354540, 1041
1589, 2, 383, 391, 311, 1, 38.09%, 3, 0, 14, 186.80, 355491, 1041
1594, 2, 383, 391, 311, 1, 38.09%, 3, 0, 14, 183.34, 356397, 1041
1599, 2, 383, 392, 312, 1, 38.09%, 3, 0, 14, 200.33, 357414, 1041
1604, 2, 383, 397, 317, 1, 38.09%, 3, 0, 14, 139.47, 358053, 1041
1610, 2, 383, 399, 319, 1, 38.09%, 3, 0, 14, 138.88, 358727, 1041
1615, 2, 385, 399, 319, 2, 38.09%, 3, 0, 14, 134.93, 359467, 1041
1620, 2, 379, 399, 318, 1, 38.09%, 3, 0, 14, 135.37, 360210, 1041
1625, 2, 379, 399, 318, 1, 38.09%, 3, 0, 14, 180.19, 361109, 1041
1630, 2, 75, 399, 317, 0, 38.09%, 3, 0, 14, 247.56, 362421, 1041
1635, 2, 40, 400, 318, 0, 38.09%, 4, 0, 14, 198.94, 363403, 1041
1640, 2, 224, 400, 317, 0, 38.09%, 4, 0, 14, 221.86, 364476, 1041
1645, 2, 248, 401, 318, 0, 38.09%, 4, 0, 14, 208.82, 365512, 1041
1650, 2, 75, 402, 319, 0, 38.09%, 4, 0, 14, 247.12, 366768, 1041
1655, 2, 4, 402, 319, 0, 38.09%, 4, 0, 14, 281.21, 368221, 1041
1661, 2, 75, 402, 319, 0, 38.09%, 4, 0, 14, 280.69, 369669, 1041
1666, 2, 75, 402, 319, 0, 38.09%, 4, 0, 14, 227.53, 370785, 1041
1671, 2, 383, 402, 319, 0, 38.09%, 4, 0, 14, 213.23, 371939, 1041
1676, 2, 4, 402, 319, 0, 38.09%, 4, 0, 14, 241.48, 373063, 1041
1681, 2, 224, 405, 322, 0, 38.09%, 4, 0, 14, 281.87, 374413, 1041
1686, 2, 75, 405, 322, 0, 38.09%, 4, 0, 14, 234.47, 375541, 1041
1691, 2, 4, 405, 322, 0, 38.09%, 4, 0, 14, 265.81, 376956, 1041
1696, 2, 301, 406, 323, 0, 38.24%, 4, 0, 14, 196.99, 377861, 1045
1701, 2, 224, 406, 322, 0, 38.24%, 4, 0, 14, 191.96, 378684, 1045
1706, 2, 145, 406, 322, 0, 38.24%, 4, 0, 14, 248.13, 379944, 1045
1711, 2, 75, 406, 322, 0, 38.24%, 4, 0, 14, 239.13, 381157, 1045
1716, 2, 4, 406, 322, 0, 38.24%, 4, 0, 14, 242.97, 382419, 1045
1722, 2, 385, 408, 324, 0, 38.24%, 4, 0, 14, 204.12, 383480, 1045
1727, 2, 385, 409, 325, 0, 38.24%, 4, 0, 15, 182.49, 384422, 1045
1732, 2, 203, 409, 325, 0, 38.24%, 4, 0, 15, 270.98, 385856, 1045
1737, 2, 224, 409, 325, 0, 38.24%, 4, 0, 15, 254.18, 387021, 1045
1742, 2, 294, 410, 326, 0, 38.24%, 4, 0, 15, 222.80, 388153, 1045
1747, 2, 94, 410, 326, 0, 38.24%, 4, 0, 15, 173.70, 388970, 1045
1752, 2, 4, 410, 325, 0, 38.24%, 4, 0, 15, 258.69, 390325, 1045
1757, 2, 4, 410, 325, 0, 38.24%, 4, 0, 15, 271.40, 391745, 1045
1762, 2, 75, 411, 326, 0, 38.24%, 4, 0, 15, 255.19, 393027, 1045
1767, 2, 4, 411, 326, 0, 38.24%, 4, 0, 15, 255.47, 394318, 1045
1773, 2, 163, 411, 326, 0, 38.24%, 4, 0, 15, 208.09, 395426, 1045
1778, 2, 75, 412, 326, 0, 38.24%, 4, 0, 15, 200.19, 396336, 1045
1783, 2, 75, 412, 326, 0, 38.24%, 4, 0, 15, 240.28, 397628, 1045
1788, 2, 75, 412, 326, 0, 38.24%, 4, 0, 15, 257.19, 398981, 1045
1793, 2, 263, 413, 327, 0, 38.24%, 4, 0, 15, 196.74, 399985, 1045
1798, 2, 110, 413, 326, 0, 38.24%, 4, 0, 15, 193.86, 400869, 1045
1800, 2, 4, 413, 326, 0, 38.24%, 4, 0, 15, 220.01, 401271, 1045
