30 1 2 3 4 5 6 7$8 9 10 11 12 13 14 15 16 17 18 19 20 21 22 23 24 25 26 27 28 29 30 31 32 33 34 35 36 37  45 46 47 48 49 5 8
30 1 2 3 4 5 6 7 8
358 59 60 61 62 63 64
30 1 2 3 4 5 €ÿÿÿ8
30 1 2 3 4 5 6 7 8
30 1 2 3 4 5 6 
358 59 7 8
3 20 21 22 23  7 8
30 1 2 3 = 5 6 7 8
30 1 2 3 4 5 6 7 8
30 1 2 3 4 5 6 7 8 9 10 11 12 13 14 15 16 17 18 190 1 2 3 4 5 624 25 26 27 28 29 30 31 32 33 34 35 36 37 38 397 48 49 50 51 52 53 54 55 56 57 58 59 60 61 62 63 64
30 1 2 3 4 5 6 7 8
30 1 2 3 4 5 6 7 8
30 1 2 3 4 5 6 € 8
40 1 2 3 4 5 69 40 41 42 43 44 45 4$ 430 1 2 3 4 5 6 7 8
30 0 2 3 4 5 6 7 8 9 10 11 12 1 19 20 21 22 23 