30 1 2 3 4 5 6 7 8 9 10 11  5 6 7 8
30 7 4
1 0 2 12 13 14 15 16 17 12 3 4 5 6 7 8 9  20 21 228 19 20 21 22 23 24 25 26 27 28 29 30 31 32 33 3  35 35 371 0 3 3 4 5 6 7 8 9 30 1 2 3 4 5 6 7 14 15  5 6 7 8
30 7 4
1 0 2 3 4 5 6 7 88 49 50 51 52 53 54 55 20 2122 23 24!25126 27 28 29
30 4
30 29 30 31 32 33 34 35 36 37 38  33 34 35  1 37 38 39 40 41 42 4 5 6 43 44 45 7 8 9 10 11 5 6 3 12 53 54 55 56 571 62 63 64
30 1 2 3 4 5 6 7 8
30 1 2 3 4 5 6 7 8
30 1 2 3 4 5 6 7 8
30 1 2 3 4 5 6 7 8
30 1 2 3 4 5 6 7 8
3036 2 3 4 5 6 7 8
30 1 2 3 4 5 6 7 8 9  20 21 22 23 24 25 26 27 28 29 30 31 32 33 34 44 45 46 47 48 49 50 51 52 44 45 46 47 48 49 7 58 521 22 23 24 25 26 27 27 9 60 61 62  7 8
30 1 2 3 4 5 6 7 8
30 0 2 330 31 32