115 16  1 28 19 20 21 22 2 0 8 29 30 31 32 33 34 35 36 37 3 3 4 5 6 7 8 9 10 11 12 13 14 15 16 17 18 19 20 21 22 23 24 25 26 27 28 29 30 31 32 33 34  47 48 49 50 51 52 53 54 36 37 38 39 40 41 42 43 44 45 7 28 29 30 31 32 33 52 53 54 55 56 57 58 59 60 61 62 63 64
1 0 2 3 4 5 6 7 8
1 0 2 3 4 5 6 7 8
1 0 2 3 4 5 6 7 8
1 0 2 3 4 5 6 7 8
1 0 2 3 4 5 6 7 8
1 0 2 3 4 5 6 7 8
30 0 2 34 5 6 5 6 7 8
30 0 2 13 14 15 16 17 18 19 20 21 22 23 24 25 26 27 28 29 30 31 32 33 34 3535 36 37 38 39 40 23 24 25 26 246 47 48 49 50 51 52 53 54 55 56 57 58 59 60 61 62 63 64
30 1 2 3 4Ì5 6 7 8
30 1 2 3 4 5 6 7 8
3017 1 3 4 5 6 7 8
30 3 4 5 6 7 87 8
3