# relative_time, cycles_done, cur_item, corpus_count, pending_total, pending_favs, map_size, saved_crashes, saved_hangs, max_depth, execs_per_sec, total_execs, edges_found
61, 0, 2, 79, 76, 7, 34.25%, 0, 0, 2, 221.82, 16984, 801
66, 0, 2, 80, 77, 7, 34.25%, 0, 0, 2, 220.01, 18100, 801
71, 0, 2, 82, 79, 7, 34.25%, 0, 0, 2, 225.37, 19244, 801
76, 0, 2, 84, 81, 7, 34.25%, 0, 0, 2, 232.31, 20424, 801
81, 0, 2, 84, 81, 7, 34.25%, 0, 0, 2, 228.58, 21576, 801
86, 0, 2, 85, 82, 7, 34.25%, 0, 0, 2, 230.38, 22716, 801
91, 0, 2, 88, 85, 7, 34.25%, 0, 0, 2, 236.73, 23888, 801
96, 0, 2, 88, 85, 7, 34.25%, 0, 0, 2, 223.57, 24988, 801
101, 0, 2, 88, 85, 7, 34.25%, 0, 0, 2, 231.45, 26176, 801
106, 0, 2, 88, 85, 7, 34.25%, 0, 0, 2, 224.55, 27296, 801
111, 0, 20, 89, 84, 4, 34.25%, 0, 0, 2, 174.38, 28208, 801
116, 0, 82, 90, 84, 3, 34.25%, 0, 0, 3, 175.68, 29141, 801
122, 0, 71, 92, 85, 2, 34.25%, 0, 0, 3, 198.14, 30255, 801
127, 0, 20, 94, 85, 0, 34.25%, 0, 0, 3, 209.73, 31208, 801
142, 0, 20, 94, 85, 0, 34.25%, 0, 0, 3, 0.07, 31262, 801
147, 0, 75, 97, 88, 0, 34.25%, 0, 0, 3, 294.34, 32836, 801
202, 0, 4, 99, 90, 0, 34.25%, 0, 0, 3, 0.06, 33736, 801
207, 0, 4, 100, 91, 0, 34.25%, 0, 0, 3, 340.88, 35408, 801
262, 0, 20, 102, 93, 0, 34.25%, 0, 0, 3, 0.10, 36270, 801
267, 0, 20, 103, 94, 0, 34.25%, 0, 0, 3, 346.62, 38013, 801
322, 0, 20, 103, 94, 0, 34.25%, 0, 0, 3, 0.12, 39002, 801
327, 0, 75, 105, 95, 0, 34.25%, 0, 0, 3, 202.65, 40039, 801
348, 0, 75, 106, 96, 0, 34.25%, 0, 0, 3, 0.05, 40739, 801
353, 0, 20, 107, 97, 0, 34.25%, 0, 0, 3, 306.58, 42342, 801
358, 0, 4, 108, 98, 0, 34.25%, 0, 0, 3, 340.66, 44154, 801
363, 0, 20, 110, 100, 0, 34.25%, 0, 0, 3, 323.88, 45706, 801
369, 0, 110, 111, 101, 1, 34.33%, 0, 0, 3, 271.89, 47171, 803
374, 0, 20, 111, 100, 0, 34.33%, 0, 0, 3, 306.61, 48521, 803
379, 0, 4, 112, 101, 0, 34.33%, 0, 0, 3, 334.47, 50203, 803
384, 0, 20, 115, 104, 0, 34.33%, 0, 0, 3, 304.47, 51694, 803
389, 0, 20, 115, 104, 0, 34.33%, 0, 0, 3, 333.26, 53384, 803
394, 1, 4, 116, 105, 0, 34.33%, 0, 0, 3, 331.66, 55008, 803
399, 1, 20, 116, 105, 0, 34.33%, 0, 0, 3, 342.63, 56764, 803
404, 1, 4, 117, 106, 0, 34.33%, 0, 0, 3, 389.95, 58737, 803
409, 1, 89, 119, 108, 0, 34.33%, 0, 0, 3, 268.41, 60110, 803
414, 1, 53, 120, 108, 0, 34.33%, 0, 0, 3, 199.88, 61124, 803
419, 1, 20, 121, 108, 0, 34.33%, 0, 0, 3, 271.42, 62383, 803
424, 1, 4, 121, 108, 0, 34.33%, 0, 0, 3, 336.30, 64134, 803
429, 1, 20, 121, 107, 0, 34.33%, 0, 0, 3, 264.31, 65318, 803
441, 1, 20, 124, 110, 0, 34.33%, 0, 0, 3, 0.58, 66083, 803
446, 1, 20, 124, 110, 0, 34.33%, 0, 0, 3, 279.45, 67650, 803
501, 1, 20, 124, 110, 0, 34.33%, 0, 0, 3, 0.02, 68680, 803
506, 1, 20, 124, 110, 0, 34.33%, 0, 0, 3, 301.31, 70377, 803
562, 1, 20, 125, 111, 0, 34.33%, 0, 0, 3, 0.02, 71365, 803
567, 1, 71, 125, 111, 0, 34.33%, 0, 0, 3, 265.81, 72781, 803
622, 1, 20, 125, 111, 0, 34.33%, 0, 0, 3, 0.10, 73878, 803
627, 1, 38, 125, 111, 0, 34.33%, 0, 0, 3, 250.96, 75160, 803
682, 1, 4, 125, 110, 0, 34.33%, 0, 0, 3, 0.10, 76015, 803
687, 1, 20, 126, 111, 0, 34.33%, 0, 0, 3, 351.75, 77595, 803
742, 1, 20, 127, 112, 0, 34.33%, 0, 0, 3, 0.02, 78498, 803
747, 1, 4, 128, 113, 0, 34.33%, 0, 0, 3, 309.76, 80148, 803
802, 1, 15, 128, 113, 0, 34.33%, 0, 0, 3, 0.08, 80643, 803
807, 2, 128, 131, 115, 2, 34.72%, 0, 0, 3, 170.10, 81573, 812
862, 2, 129, 131, 114, 1, 34.72%, 0, 0, 3, 0.04, 81952, 812
867, 2, 129, 132, 115, 1, 34.72%, 0, 0, 4, 132.95, 82636, 812
922, 2, 129, 139, 122, 1, 34.72%, 0, 0, 4, 0.04, 83018, 812
927, 2, 129, 142, 125, 1, 34.72%, 0, 0, 4, 147.01, 83770, 812
981, 2, 129, 144, 127, 1, 34.72%, 0, 0, 4, 0.04, 84180, 812
986, 2, 129, 146, 129, 1, 34.72%, 0, 0, 4, 144.75, 84918, 812
1042, 2, 129, 146, 129, 1, 34.72%, 0, 0, 4, 0.04, 85354, 812
1047, 2, 129, 149, 132, 1, 34.72%, 0, 0, 4, 152.67, 86164, 812
1102, 2, 129, 152, 135, 1, 34.72%, 0, 0, 4, 0.06, 86551, 812
1107, 2, 129, 155, 138, 1, 34.72%, 0, 0, 4, 154.89, 87325, 812
1162, 2, 129, 157, 140, 1, 34.72%, 0, 0, 4, 0.27, 87792, 812
1167, 2, 129, 159, 142, 1, 34.72%, 0, 0, 4, 145.41, 88568, 812
1222, 2, 129, 161, 144, 1, 34.72%, 0, 0, 4, 0.04, 88958, 812
1227, 2, 129, 163, 146, 1, 34.72%, 0, 0, 4, 150.53, 89749, 812
1282, 2, 129, 163, 146, 1, 34.72%, 0, 0, 4, 0.06, 90166, 812
1287, 2, 129, 166, 149, 1, 34.72%, 0, 0, 4, 153.64, 90946, 812
1342, 2, 129, 167, 150, 1, 34.72%, 0, 0, 4, 0.06, 91426, 812
1347, 2, 129, 167, 150, 1, 34.72%, 0, 0, 4, 152.92, 92188, 812
1402, 2, 129, 168, 151, 1, 34.72%, 0, 0, 4, 0.06, 92683, 812
1407, 2, 129, 169, 152, 1, 34.72%, 0, 0, 4, 158.86, 93460, 812
1462, 2, 129, 170, 153, 1, 34.72%, 0, 0, 4, 0.06, 93913, 812
1467, 2, 129, 170, 153, 1, 34.72%, 0, 0, 4, 154.37, 94693, 812
1522, 2, 129, 170, 153, 1, 34.72%, 0, 0, 4, 0.06, 95182, 812
1527, 2, 129, 171, 154, 1, 34.72%, 0, 0, 4, 184.27, 96135, 812
1582, 2, 155, 171, 153, 1, 34.72%, 0, 0, 4, 0.04, 96466, 812
1587, 2, 20, 172, 153, 0, 34.72%, 0, 0, 4, 215.05, 97552, 812
1642, 2, 20, 178, 159, 0, 34.72%, 0, 0, 4, 0.06, 97951, 812
1647, 2, 20, 182, 163, 0, 34.72%, 0, 0, 4, 125.79, 98572, 812
1702, 2, 20, 185, 166, 0, 34.72%, 0, 0, 4, 0.04, 98912, 812
1707, 2, 20, 186, 167, 0, 34.72%, 0, 0, 4, 202.50, 99865, 812
1762, 2, 4, 186, 167, 0, 34.72%, 0, 0, 4, 0.08, 100744, 812
1767, 2, 20, 187, 168, 0, 34.72%, 0, 0, 4, 303.21, 102238, 812
1822, 2, 4, 187, 168, 0, 34.72%, 0, 0, 4, 0.00, 103206, 812
1822, 2, 0, 187, 187, 8, 34.58%, 0, 0, 2, 0.21, 376, 813
