330 1 2 3 4 5 6 7 8 9 10 11 12 13 14 15 16 17 18 19 20 21 22 23 24 2514 5 6 7 8 9 10 11  10 11 12 13 14 15 16 ÿÿ 18 19 20 21 22 0 1 2 3 4 1 0 3 3 4 5 6 7 8 9 33 34 35 36 33 38 39 40 41 42 43 44 45 46 47 48 49 50 51 52 53 536 37 384 55 56 57 58 59 60 61 62 63 64
1 0 2 3 4 5 687 8
1 0 2 3 4 5 6 7 8
1 0 2 3 4 5 6 7 8
1 0 2 3 4 5 6 7 8 11 12 13 14 15 16 1733 34 35 32 3 4 5 6 7 8
1 0 2 3 4 5 6 7 8
30 0 2 3 4 5 61 0 3 3  0 3 3 4 5 6 7 8 912 13 14 15 16 17 18 19 20 21 22 23 24 25 26 27 28 29 30 31 32 33 34 35 36 37 38 39 40 41 42 43 44 45 46 47 48 49 50 51 52 53 54 55 56 57 58 59 60 61 62 63 64
1 0 2 3 4 5 6 7 8
1 0 2 3 4 5 6 7  4 5 6 7 81 0 3 3 4 5 6 7 80 21 22 23 24 26 7 8
1 0 2 3 4 5 6 7 8
1 0 6 7 8
30 1 2 3 4 5 6 7 82 3 4 5 6 7 8
30 0 2 3 4 5 6 7 8 9 10 11 12 13 14 15 16 17 18 19 20 21 22 23 2425 26 27 28 29 30 31 32 33 34 35 36 37 38 3930 1 3 4 5 6 7 8
3051 57 48 49 50 51 52 53 54 55 56 57 58 59 60 61 62 63 