# relative_time, cycles_done, cur_item, corpus_count, pending_total, pending_favs, map_size, saved_crashes, saved_hangs, max_depth, execs_per_sec, total_execs, edges_found
61, 0, 47, 76, 71, 6, 34.33%, 0, 0, 3, 153.90, 16289, 807
66, 0, 37, 78, 72, 5, 34.33%, 0, 0, 3, 163.84, 17108, 807
71, 0, 53, 78, 70, 3, 34.33%, 0, 0, 3, 156.51, 17937, 807
76, 0, 78, 79, 70, 3, 34.37%, 0, 0, 3, 145.80, 18688, 808
81, 0, 74, 81, 70, 1, 34.37%, 0, 0, 3, 159.45, 19608, 808
86, 0, 3, 83, 70, 0, 34.37%, 0, 0, 3, 179.46, 20603, 808
91, 0, 3, 86, 73, 0, 34.37%, 0, 0, 3, 341.86, 22294, 808
96, 0, 54, 90, 77, 0, 34.37%, 0, 0, 3, 305.08, 23865, 808
101, 0, 3, 92, 79, 0, 34.37%, 0, 0, 3, 287.05, 25334, 808
106, 0, 3, 96, 82, 0, 34.41%, 0, 0, 3, 189.60, 26114, 809
111, 0, 3, 96, 82, 0, 34.41%, 0, 0, 3, 283.38, 27685, 809
116, 0, 54, 100, 86, 0, 34.41%, 0, 0, 3, 265.91, 29002, 809
121, 0, 3, 104, 90, 0, 34.41%, 0, 0, 3, 309.85, 30557, 809
127, 0, 54, 105, 91, 0, 34.41%, 0, 0, 3, 286.79, 31957, 809
132, 0, 57, 106, 92, 0, 34.41%, 0, 0, 3, 289.66, 33466, 809
137, 0, 4, 106, 92, 0, 34.41%, 0, 0, 3, 274.36, 34914, 809
142, 0, 3, 107, 93, 0, 34.41%, 0, 0, 3, 309.64, 36512, 809
147, 0, 3, 108, 94, 0, 34.41%, 0, 0, 3, 414.07, 38580, 809
152, 1, 37, 108, 94, 0, 34.41%, 0, 0, 3, 348.55, 40292, 809
157, 1, 27, 109, 95, 0, 34.41%, 0, 0, 3, 322.30, 41772, 809
162, 1, 3, 109, 94, 0, 34.41%, 0, 0, 3, 242.60, 42716, 809
167, 1, 3, 109, 94, 0, 34.41%, 0, 0, 3, 309.91, 44304, 809
173, 1, 110, 111, 96, 1, 34.45%, 0, 0, 3, 282.99, 45907, 810
178, 1, 3, 111, 95, 0, 34.45%, 0, 0, 3, 254.18, 47019, 810
183, 1, 78, 117, 101, 0, 34.45%, 0, 0, 3, 270.86, 48467, 810
188, 1, 112, 117, 101, 0, 34.45%, 0, 0, 3, 174.03, 49250, 810
193, 1, 4, 117, 100, 0, 34.45%, 0, 0, 3, 278.13, 50764, 810
198, 1, 83, 118, 101, 0, 34.45%, 0, 0, 3, 198.72, 51663, 810
203, 1, 3, 119, 101, 0, 34.45%, 0, 0, 3, 277.67, 53173, 810
208, 1, 3, 121, 103, 0, 34.45%, 0, 0, 3, 317.41, 54929, 810
213, 1, 47, 123, 105, 0, 34.45%, 0, 0, 3, 310.76, 56538, 810
218, 1, 3, 123, 105, 0, 34.45%, 0, 0, 3, 274.33, 57854, 810
223, 1, 122, 124, 106, 0, 34.45%, 0, 0, 3, 316.49, 59403, 810
228, 1, 122, 125, 107, 0, 34.45%, 0, 0, 3, 198.58, 60150, 810
234, 1, 3, 126, 107, 0, 34.45%, 0, 0, 3, 330.11, 62069, 810
239, 1, 47, 127, 108, 0, 34.45%, 0, 0, 3, 282.26, 63400, 810
244, 1, 3, 128, 109, 0, 34.45%, 0, 0, 3, 274.70, 64804, 810
249, 1, 3, 128, 109, 0, 34.45%, 0, 0, 3, 311.54, 66483, 810
254, 2, 3, 130, 111, 0, 34.45%, 0, 0, 3, 300.63, 67996, 810
259, 2, 3, 131, 112, 0, 34.45%, 0, 0, 3, 313.25, 69595, 810
264, 2, 70, 131, 112, 0, 34.45%, 0, 0, 3, 280.43, 71099, 810
269, 2, 131, 132, 112, 2, 34.45%, 0, 0, 3, 188.39, 71889, 810
274, 2, 2, 132, 111, 1, 34.45%, 0, 0, 3, 166.30, 72618, 810
279, 2, 3, 135, 113, 0, 34.45%, 0, 0, 3, 240.26, 73943, 810
284, 2, 96, 136, 113, 1, 34.45%, 0, 0, 3, 162.00, 74721, 810
289, 2, 42, 137, 113, 0, 34.45%, 0, 0, 3, 207.79, 75867, 810
294, 2, 3, 137, 112, 0, 34.45%, 0, 0, 3, 187.71, 76690, 810
300, 2, 3, 138, 113, 0, 34.45%, 0, 0, 3, 359.30, 78565, 810
305, 2, 3, 139, 114, 0, 34.45%, 0, 0, 4, 355.90, 80182, 810
310, 2, 32, 141, 116, 0, 34.45%, 0, 0, 4, 288.95, 81475, 810
315, 2, 4, 142, 116, 0, 34.45%, 0, 0, 4, 342.21, 83205, 810
320, 2, 135, 144, 118, 0, 34.45%, 0, 0, 4, 265.89, 84601, 810
325, 2, 96, 144, 117, 0, 34.45%, 0, 0, 4, 229.75, 85559, 810
330, 2, 3, 146, 119, 0, 34.45%, 0, 0, 4, 303.88, 87067, 810
335, 2, 3, 146, 119, 0, 34.45%, 0, 0, 4, 335.15, 88719, 810
340, 2, 3, 147, 120, 0, 34.45%, 0, 0, 4, 301.40, 90191, 810
346, 2, 4, 147, 119, 0, 34.45%, 0, 0, 4, 303.43, 91457, 810
351, 2, 3, 147, 119, 0, 34.45%, 0, 0, 4, 319.57, 93173, 810
356, 2, 76, 148, 120, 0, 34.45%, 0, 0, 4, 292.94, 94740, 810
361, 2, 3, 148, 119, 0, 34.45%, 0, 0, 4, 237.11, 95713, 810
366, 2, 148, 150, 121, 1, 34.54%, 0, 0, 4, 178.70, 96693, 812
371, 2, 98, 150, 120, 0, 34.54%, 0, 0, 4, 156.31, 97502, 812
376, 2, 3, 151, 120, 0, 34.54%, 0, 0, 4, 287.38, 99092, 812
381, 2, 129, 151, 120, 0, 34.54%, 0, 0, 4, 186.02, 99902, 812
387, 3, 96, 151, 119, 0, 34.54%, 0, 0, 4, 246.75, 101349, 812
392, 3, 3, 152, 120, 0, 34.54%, 0, 0, 4, 305.70, 102939, 812
397, 3, 84, 152, 120, 0, 34.54%, 0, 0, 4, 316.65, 104665, 812
402, 3, 3, 152, 119, 0, 34.54%, 0, 0, 4, 365.53, 106467, 812
407, 3, 126, 154, 121, 0, 34.54%, 0, 0, 4, 272.97, 107821, 812
412, 3, 3, 155, 121, 0, 34.62%, 0, 0, 4, 280.26, 109033, 814
417, 3, 3, 156, 121, 0, 34.62%, 0, 0, 4, 229.95, 110037, 814
422, 3, 115, 156, 121, 0, 34.62%, 0, 0, 4, 165.83, 110877, 814
428, 3, 3, 157, 121, 0, 34.62%, 0, 0, 4, 252.06, 112264, 814
433, 3, 55, 158, 122, 0, 34.62%, 0, 0, 4, 315.39, 113972, 814
438, 3, 3, 158, 121, 0, 34.62%, 0, 0, 4, 243.71, 114936, 814
443, 3, 3, 159, 122, 0, 34.62%, 0, 0, 4, 324.28, 116692, 814
448, 3, 3, 160, 123, 0, 34.62%, 0, 0, 4, 318.01, 118239, 814
453, 3, 3, 160, 123, 0, 34.62%, 0, 0, 4, 280.92, 119614, 814
458, 3, 3, 160, 123, 0, 34.62%, 0, 0, 4, 428.89, 121842, 814
463, 3, 3, 160, 123, 0, 34.62%, 0, 0, 4, 351.37, 123436, 814
469, 3, 160, 161, 124, 1, 34.62%, 0, 0, 4, 234.34, 124586, 814
474, 3, 20, 161, 123, 0, 34.62%, 0, 0, 4, 290.61, 126020, 814
479, 3, 3, 161, 122, 0, 34.62%, 0, 0, 4, 285.40, 127434, 814
484, 3, 73, 162, 123, 0, 34.62%, 0, 0, 4, 282.60, 129019, 814
489, 3, 3, 163, 123, 0, 34.62%, 0, 0, 4, 319.56, 130614, 814
494, 3, 119, 164, 124, 0, 34.62%, 0, 0, 4, 209.37, 131557, 814
499, 4, 160, 164, 123, 0, 34.62%, 0, 0, 4, 282.76, 133318, 814
504, 4, 3, 164, 123, 0, 34.62%, 0, 0, 4, 308.07, 134850, 814
510, 4, 3, 164, 122, 0, 34.62%, 0, 0, 4, 267.33, 136022, 814
515, 4, 91, 164, 122, 0, 34.62%, 0, 0, 4, 255.81, 137421, 814
520, 4, 3, 165, 122, 0, 34.62%, 0, 0, 4, 312.87, 138859, 814
525, 4, 3, 166, 123, 0, 34.62%, 0, 0, 4, 293.72, 140432, 814
530, 4, 62, 166, 123, 0, 34.62%, 0, 0, 4, 225.84, 141585, 814
535, 4, 5, 166, 122, 0, 34.62%, 0, 0, 4, 238.40, 142876, 814
540, 4, 3, 166, 121, 0, 34.62%, 0, 0, 4, 223.14, 143827, 814
545, 4, 3, 166, 121, 0, 34.62%, 0, 0, 4, 313.07, 145455, 814
551, 4, 4, 166, 121, 0, 34.62%, 0, 0, 4, 391.11, 147478, 814
556, 4, 94, 166, 121, 0, 34.62%, 0, 0, 4, 262.47, 148805, 814
561, 4, 4, 166, 120, 0, 34.62%, 0, 0, 4, 285.80, 150063, 814
566, 4, 3, 166, 120, 0, 34.62%, 0, 0, 4, 303.25, 151713, 814
571, 4, 3, 166, 120, 0, 34.62%, 0, 0, 4, 327.22, 153374, 814
576, 4, 3, 166, 120, 0, 34.62%, 0, 0, 4, 321.08, 154953, 814
581, 4, 3, 166, 120, 0, 34.62%, 0, 0, 4, 284.46, 156249, 814
586, 4, 3, 166, 120, 0, 34.62%, 0, 0, 4, 361.64, 158042, 814
591, 4, 3, 167, 121, 0, 34.62%, 0, 0, 4, 270.26, 159322, 814
596, 4, 9, 167, 121, 0, 34.62%, 0, 0, 4, 320.31, 161072, 814
601, 4, 9, 169, 123, 0, 34.92%, 0, 0, 4, 190.84, 161783, 821
606, 4, 167, 169, 122, 1, 34.92%, 0, 0, 4, 140.03, 162414, 821
612, 4, 4, 170, 122, 0, 34.92%, 0, 0, 4, 255.91, 163808, 821
617, 4, 52, 170, 122, 0, 34.92%, 0, 0, 4, 263.24, 165271, 821
622, 4, 52, 174, 126, 0, 34.92%, 0, 0, 4, 174.10, 166010, 821
627, 4, 3, 177, 128, 0, 34.92%, 0, 0, 4, 224.19, 167213, 821
632, 5, 71, 177, 128, 0, 34.92%, 0, 0, 4, 199.69, 168377, 821
637, 5, 3, 178, 128, 0, 34.92%, 0, 0, 4, 272.57, 169760, 821
642, 5, 3, 183, 133, 0, 34.92%, 0, 0, 4, 281.60, 171164, 821
647, 5, 3, 184, 134, 0, 34.92%, 0, 0, 4, 299.04, 172596, 821
653, 5, 82, 185, 134, 0, 34.92%, 0, 0, 4, 232.49, 173653, 821
658, 5, 28, 185, 134, 0, 34.92%, 0, 0, 4, 185.30, 174573, 821
663, 5, 107, 187, 135, 0, 34.92%, 0, 0, 4, 192.54, 175739, 821
668, 5, 183, 187, 134, 0, 34.92%, 0, 0, 4, 220.06, 176742, 821
673, 5, 187, 188, 134, 1, 34.92%, 0, 0, 4, 180.32, 177518, 821
678, 5, 96, 188, 133, 0, 34.92%, 0, 0, 4, 189.77, 178424, 821
683, 5, 3, 189, 134, 0, 34.92%, 0, 0, 4, 284.75, 179855, 821
688, 5, 3, 195, 140, 0, 34.92%, 0, 0, 4, 274.94, 181233, 821
693, 5, 171, 197, 142, 0, 34.92%, 0, 0, 4, 233.43, 182456, 821
698, 5, 3, 199, 143, 0, 34.92%, 0, 0, 4, 234.27, 183475, 821
704, 5, 3, 206, 150, 0, 34.92%, 0, 0, 4, 272.47, 184830, 821
709, 5, 3, 207, 151, 0, 34.92%, 0, 0, 4, 284.83, 186296, 821
714, 5, 3, 208, 152, 0, 34.92%, 0, 0, 4, 299.80, 187776, 821
719, 5, 208, 209, 153, 1, 34.92%, 0, 0, 4, 205.30, 188790, 821
724, 5, 3, 209, 152, 0, 34.92%, 0, 0, 4, 241.43, 189845, 821
729, 5, 2, 213, 156, 0, 34.92%, 0, 0, 4, 277.14, 191420, 821
734, 5, 11, 214, 157, 0, 34.92%, 0, 0, 4, 214.96, 192585, 821
739, 5, 3, 214, 156, 0, 34.92%, 0, 0, 4, 271.80, 193944, 821
744, 5, 3, 215, 157, 0, 34.92%, 0, 0, 4, 265.13, 195327, 821
749, 5, 3, 215, 157, 0, 34.92%, 0, 0, 4, 302.62, 196890, 821
754, 5, 3, 216, 158, 0, 34.92%, 0, 0, 4, 251.89, 198144, 821
760, 5, 3, 216, 158, 0, 34.92%, 0, 0, 4, 276.20, 199649, 821
765, 5, 141, 216, 158, 0, 34.92%, 0, 0, 4, 261.90, 201065, 821
770, 5, 3, 216, 157, 0, 34.92%, 0, 0, 4, 275.38, 202201, 821
775, 5, 3, 217, 158, 0, 34.92%, 0, 0, 4, 266.21, 203574, 821
780, 5, 125, 217, 158, 0, 34.92%, 0, 0, 4, 223.60, 204761, 821
785, 5, 142, 217, 157, 0, 34.92%, 0, 0, 4, 213.44, 205932, 821
790, 5, 3, 218, 157, 0, 34.92%, 0, 0, 4, 214.84, 206906, 821
795, 5, 3, 219, 158, 0, 34.92%, 0, 0, 4, 352.16, 208701, 821
800, 5, 3, 221, 160, 0, 34.92%, 0, 0, 4, 299.49, 210149, 821
805, 5, 44, 222, 161, 0, 34.92%, 0, 0, 4, 212.90, 211136, 821
810, 5, 4, 222, 160, 0, 34.92%, 0, 0, 4, 263.82, 212524, 821
815, 5, 148, 222, 160, 0, 34.92%, 0, 0, 4, 318.16, 214185, 821
820, 6, 3, 223, 161, 0, 34.92%, 0, 0, 4, 278.19, 215513, 821
825, 6, 3, 223, 161, 0, 34.92%, 0, 0, 4, 275.94, 216814, 821
831, 6, 147, 223, 161, 0, 34.92%, 0, 0, 4, 282.77, 218351, 821
836, 6, 4, 223, 160, 0, 34.92%, 0, 0, 4, 216.81, 219203, 821
841, 6, 3, 223, 160, 0, 34.92%, 0, 0, 4, 269.93, 220655, 821
846, 6, 3, 223, 160, 0, 34.92%, 0, 0, 4, 335.52, 222405, 821
851, 6, 4, 223, 160, 0, 34.92%, 0, 0, 4, 356.14, 224137, 821
856, 6, 3, 223, 160, 0, 34.92%, 0, 0, 4, 280.74, 225478, 821
861, 6, 138, 224, 161, 0, 34.92%, 0, 0, 4, 291.56, 226929, 821
866, 6, 138, 224, 161, 0, 34.92%, 0, 0, 4, 201.64, 227764, 821
871, 6, 3, 225, 161, 0, 34.92%, 0, 0, 4, 266.01, 229265, 821
876, 6, 181, 225, 161, 0, 34.92%, 0, 0, 4, 298.81, 230889, 821
881, 6, 2, 226, 161, 0, 34.92%, 0, 0, 4, 213.22, 231728, 821
886, 6, 3, 226, 161, 0, 34.92%, 0, 0, 4, 320.63, 233614, 821
892, 6, 3, 226, 161, 0, 34.92%, 0, 0, 4, 353.90, 235343, 821
897, 6, 3, 227, 162, 0, 34.92%, 0, 0, 4, 289.83, 236631, 821
902, 6, 3, 227, 162, 0, 34.92%, 0, 0, 4, 291.61, 238149, 821
907, 6, 3, 227, 161, 0, 34.92%, 0, 0, 4, 224.12, 239034, 821
912, 6, 222, 227, 161, 0, 34.92%, 0, 0, 4, 216.60, 240307, 821
917, 6, 222, 227, 161, 0, 34.92%, 0, 0, 4, 144.61, 240955, 821
922, 6, 222, 227, 161, 0, 34.92%, 0, 0, 4, 128.68, 241597, 821
928, 6, 3, 227, 160, 0, 34.92%, 0, 0, 4, 224.62, 242738, 821
933, 6, 57, 227, 160, 0, 34.92%, 0, 0, 4, 255.50, 244101, 821
938, 6, 3, 227, 160, 0, 34.92%, 0, 0, 4, 262.22, 245497, 821
943, 6, 3, 227, 160, 0, 34.92%, 0, 0, 4, 278.26, 246933, 821
948, 6, 4, 227, 160, 0, 34.92%, 0, 0, 4, 318.05, 248561, 821
953, 6, 138, 228, 161, 0, 34.92%, 0, 0, 4, 256.47, 249985, 821
958, 6, 3, 228, 161, 0, 34.92%, 0, 0, 4, 283.60, 251336, 821
963, 6, 3, 228, 161, 0, 34.92%, 0, 0, 4, 286.72, 252791, 821
968, 6, 3, 228, 161, 0, 34.92%, 0, 0, 4, 298.24, 254306, 821
973, 6, 3, 228, 161, 0, 34.92%, 0, 0, 4, 372.73, 256264, 821
979, 6, 214, 228, 161, 0, 34.92%, 0, 0, 4, 249.17, 257542, 821
984, 6, 214, 228, 161, 0, 34.92%, 0, 0, 4, 151.89, 258185, 821
989, 6, 214, 229, 162, 0, 34.92%, 0, 0, 4, 156.57, 258935, 821
994, 7, 3, 229, 161, 0, 34.92%, 0, 0, 4, 286.52, 260477, 821
999, 7, 3, 229, 161, 0, 34.92%, 0, 0, 4, 341.63, 262215, 821
1050, 7, 3, 229, 161, 0, 34.92%, 0, 0, 4, 0.10, 262326, 821
1055, 7, 191, 230, 162, 0, 34.92%, 0, 0, 4, 163.40, 263090, 821
1110, 7, 3, 230, 161, 0, 34.92%, 0, 0, 4, 0.10, 264116, 821
1115, 7, 3, 230, 161, 0, 34.92%, 0, 0, 4, 234.81, 265342, 821
1170, 7, 114, 230, 161, 0, 34.92%, 0, 0, 4, 0.10, 266363, 821
1175, 7, 3, 230, 160, 0, 34.92%, 0, 0, 4, 195.64, 267289, 821
1230, 7, 3, 230, 160, 0, 34.92%, 0, 0, 4, 0.10, 268223, 821
1235, 7, 213, 230, 160, 0, 34.92%, 0, 0, 4, 149.56, 268930, 821
1290, 7, 3, 231, 160, 0, 34.92%, 0, 0, 4, 0.06, 269565, 821
1295, 7, 33, 231, 160, 0, 34.92%, 0, 0, 4, 169.77, 270381, 821
1350, 7, 3, 231, 159, 0, 34.92%, 0, 0, 4, 0.02, 271253, 821
1355, 7, 3, 231, 159, 0, 34.92%, 0, 0, 4, 270.14, 272642, 821
1410, 7, 3, 231, 159, 0, 34.92%, 0, 0, 4, 0.06, 273439, 821
1415, 7, 4, 231, 159, 0, 34.92%, 0, 0, 4, 333.49, 274984, 821
1470, 7, 4, 231, 159, 0, 34.92%, 0, 0, 4, 0.10, 276149, 821
1475, 7, 3, 231, 159, 0, 34.92%, 0, 0, 4, 408.28, 277967, 821
1530, 7, 197, 231, 159, 0, 34.92%, 0, 0, 4, 0.10, 278548, 821
1535, 7, 197, 231, 159, 0, 34.92%, 0, 0, 4, 125.04, 279193, 821
1592, 7, 197, 231, 159, 0, 34.92%, 0, 0, 4, 0.04, 279559, 821
1597, 7, 4, 231, 158, 0, 34.92%, 0, 0, 4, 227.09, 280683, 821
1639, 7, 4, 231, 158, 0, 34.92%, 0, 0, 4, 0.13, 281598, 821
1644, 7, 3, 231, 158, 0, 34.92%, 0, 0, 4, 358.07, 283233, 821
1649, 7, 157, 231, 158, 0, 34.92%, 0, 0, 4, 242.88, 284433, 821
1654, 7, 186, 231, 157, 0, 34.92%, 0, 0, 4, 182.14, 285260, 821
1659, 7, 186, 231, 157, 0, 34.92%, 0, 0, 4, 133.70, 285870, 821
1664, 7, 186, 231, 157, 0, 34.92%, 0, 0, 4, 128.12, 286496, 821
1670, 7, 3, 232, 157, 0, 34.92%, 0, 0, 4, 248.64, 287934, 821
1675, 7, 3, 232, 157, 0, 34.92%, 0, 0, 4, 289.78, 289419, 821
1680, 7, 4, 232, 157, 0, 34.92%, 0, 0, 4, 303.93, 290973, 821
1685, 7, 4, 232, 157, 0, 34.92%, 0, 0, 4, 312.68, 292590, 821
1690, 7, 3, 233, 158, 0, 34.92%, 0, 0, 4, 296.27, 294080, 821
1695, 7, 3, 233, 158, 0, 34.92%, 0, 0, 4, 315.15, 295698, 821
1700, 7, 3, 233, 158, 0, 34.92%, 0, 0, 4, 299.29, 297292, 821
1706, 7, 3, 233, 158, 0, 34.92%, 0, 0, 4, 322.75, 299111, 821
1711, 7, 3, 234, 159, 0, 34.92%, 0, 0, 4, 292.64, 300582, 821
1716, 7, 13, 234, 159, 0, 34.92%, 0, 0, 4, 233.44, 301846, 821
1721, 7, 3, 234, 158, 0, 34.92%, 0, 0, 4, 266.23, 303008, 821
1726, 7, 138, 234, 158, 0, 34.92%, 0, 0, 4, 242.05, 304288, 821
1731, 7, 4, 234, 158, 0, 34.92%, 0, 0, 4, 319.49, 305821, 821
1736, 8, 3, 234, 158, 0, 34.92%, 0, 0, 4, 298.21, 307235, 821
1741, 8, 3, 234, 158, 0, 34.92%, 0, 0, 4, 314.21, 308797, 821
1746, 8, 3, 234, 158, 0, 34.92%, 0, 0, 4, 320.68, 310375, 821
1751, 8, 3, 234, 158, 0, 34.92%, 0, 0, 4, 297.29, 311827, 821
1756, 8, 135, 234, 158, 0, 34.92%, 0, 0, 4, 301.12, 313330, 821
1762, 8, 3, 234, 158, 0, 34.92%, 0, 0, 4, 306.28, 314837, 821
1767, 8, 3, 234, 158, 0, 34.92%, 0, 0, 4, 257.36, 316074, 821
1772, 8, 3, 235, 159, 0, 34.92%, 0, 0, 4, 258.20, 317358, 821
1777, 8, 3, 235, 159, 0, 34.92%, 0, 0, 4, 286.36, 318869, 821
1782, 8, 3, 235, 159, 0, 34.92%, 0, 0, 4, 289.71, 320294, 821
1787, 8, 3, 235, 159, 0, 34.92%, 0, 0, 4, 309.00, 321901, 821
1792, 8, 77, 235, 159, 0, 34.92%, 0, 0, 4, 184.70, 322731, 821
1797, 8, 3, 235, 158, 0, 34.92%, 0, 0, 4, 285.48, 324305, 821
1800, 8, 3, 235, 158, 0, 34.92%, 0, 0, 4, 324.74, 325205, 821
1800, 8, 0, 235, 235, 9, 24.35%, 0, 0, 2, 0.12, 209, 883
