# relative_time, cycles_done, cur_item, corpus_count, pending_total, pending_favs, map_size, saved_crashes, saved_hangs, max_depth, execs_per_sec, total_execs, edges_found
44, 0, 2, 73, 72, 2, 2.95%, 0, 0, 2, 184.81, 7696, 931
44, 18446744073709551615, 0, 73, 73, 6, 2.68%, 0, 0, 2, 0.00, 226, 846
85, 0, 41, 77, 71, 6, 2.90%, 0, 0, 2, 12.09, 1364, 917
85, 18446744073709551615, 0, 77, 77, 5, 2.66%, 0, 0, 2, 1.62, 138, 840
147, 0, 16, 85, 79, 6, 2.95%, 0, 0, 2, 18.66, 1712, 931
153, 0, 46, 85, 78, 6, 2.95%, 0, 0, 2, 17.91, 1803, 931
158, 0, 46, 85, 78, 6, 2.95%, 0, 0, 2, 10.85, 1847, 931
163, 0, 46, 85, 78, 6, 2.95%, 0, 0, 2, 9.11, 1891, 931
168, 0, 46, 85, 78, 6, 2.95%, 0, 0, 2, 8.56, 1933, 931
173, 0, 46, 85, 78, 6, 2.95%, 0, 0, 2, 8.45, 1977, 931
178, 0, 46, 85, 78, 6, 2.95%, 0, 0, 2, 8.43, 2019, 931
183, 0, 46, 85, 78, 6, 2.95%, 0, 0, 2, 8.45, 2063, 931
189, 0, 46, 85, 78, 6, 2.95%, 0, 0, 2, 15.15, 2142, 931
194, 0, 46, 86, 79, 6, 2.95%, 0, 0, 2, 18.00, 2223, 931
199, 0, 46, 87, 80, 6, 2.95%, 0, 0, 2, 18.23, 2304, 931
204, 0, 63, 88, 80, 5, 2.95%, 0, 0, 2, 13.39, 2358, 931
209, 0, 63, 88, 80, 5, 2.95%, 0, 0, 2, 9.66, 2402, 931
214, 0, 63, 88, 80, 5, 2.95%, 0, 0, 2, 8.80, 2446, 931
219, 0, 63, 88, 80, 5, 2.95%, 0, 0, 2, 8.62, 2490, 931
224, 0, 63, 88, 80, 5, 2.95%, 0, 0, 2, 8.40, 2532, 931
229, 0, 63, 88, 80, 5, 2.95%, 0, 0, 2, 8.41, 2574, 931
234, 0, 63, 88, 80, 5, 2.95%, 0, 0, 2, 8.49, 2618, 931
240, 0, 63, 89, 81, 5, 2.95%, 0, 0, 2, 10.63, 2712, 931
245, 0, 63, 90, 82, 5, 2.95%, 0, 0, 2, 18.06, 2830, 931
250, 0, 1, 91, 82, 4, 2.95%, 0, 0, 2, 16.22, 2907, 931
255, 0, 1, 91, 82, 4, 2.95%, 0, 0, 2, 10.49, 2951, 931
260, 0, 1, 91, 82, 4, 2.95%, 0, 0, 2, 9.19, 2997, 931
265, 0, 1, 91, 82, 4, 2.95%, 0, 0, 2, 8.79, 3041, 931
270, 0, 1, 91, 82, 4, 2.95%, 0, 0, 2, 8.78, 3085, 931
276, 0, 1, 91, 82, 4, 2.95%, 0, 0, 2, 8.63, 3129, 931
281, 0, 1, 91, 82, 4, 2.95%, 0, 0, 2, 8.61, 3173, 931
283, 0, 1, 91, 82, 4, 2.95%, 0, 0, 2, 8.29, 3190, 931
343, 0, 89, 118, 103, 6, 2.95%, 0, 0, 2, 63.34, 4926, 931
375, 0, 56, 141, 124, 5, 3.11%, 0, 0, 2, 123.63, 4648, 983
436, 0, 162, 173, 150, 0, 3.28%, 0, 0, 4, 290.47, 14160, 1037
441, 0, 174, 175, 152, 1, 3.29%, 0, 0, 4, 174.19, 14954, 1039
446, 0, 110, 178, 154, 0, 3.29%, 0, 0, 4, 242.83, 16282, 1039
451, 0, 107, 181, 156, 0, 3.35%, 0, 0, 4, 266.15, 17504, 1059
456, 0, 162, 182, 156, 0, 3.35%, 0, 0, 4, 224.46, 18648, 1059
461, 0, 21, 187, 161, 0, 3.35%, 0, 0, 4, 253.65, 20014, 1059
467, 0, 162, 190, 163, 0, 3.36%, 0, 0, 4, 247.38, 21211, 1063
472, 0, 162, 194, 167, 0, 3.39%, 0, 0, 4, 304.56, 22827, 1071
477, 0, 162, 194, 166, 0, 3.39%, 0, 0, 4, 205.16, 23635, 1071
482, 0, 195, 197, 168, 1, 3.53%, 0, 0, 4, 241.29, 24959, 1114
487, 0, 195, 200, 171, 1, 3.62%, 0, 0, 5, 276.75, 26183, 1145
492, 0, 89, 202, 171, 1, 3.62%, 0, 0, 5, 174.65, 27018, 1145
497, 0, 198, 202, 170, 1, 3.62%, 0, 0, 5, 150.28, 27749, 1145
502, 0, 196, 203, 170, 0, 3.62%, 0, 0, 6, 238.86, 28992, 1145
507, 0, 162, 205, 171, 0, 3.72%, 0, 0, 6, 182.99, 29779, 1175
512, 0, 197, 206, 171, 0, 3.72%, 0, 0, 6, 193.17, 30666, 1175
518, 0, 162, 207, 172, 0, 3.72%, 0, 0, 6, 249.13, 31957, 1175
523, 0, 211, 212, 177, 1, 3.73%, 0, 0, 6, 234.57, 33183, 1179
528, 0, 21, 212, 176, 0, 3.73%, 0, 0, 6, 251.74, 34305, 1179
533, 0, 213, 214, 178, 1, 3.85%, 0, 0, 6, 197.68, 35390, 1215
538, 0, 216, 219, 182, 4, 4.06%, 0, 0, 6, 183.16, 36365, 1284
543, 0, 217, 222, 184, 3, 4.14%, 0, 0, 6, 159.34, 37121, 1307
548, 0, 215, 224, 184, 3, 4.14%, 0, 0, 6, 152.54, 38005, 1307
553, 0, 215, 227, 187, 3, 4.16%, 0, 0, 6, 175.68, 38831, 1315
558, 0, 220, 228, 187, 4, 4.16%, 0, 0, 6, 164.77, 39708, 1315
563, 0, 230, 233, 190, 3, 4.19%, 0, 0, 6, 173.95, 40568, 1323
568, 0, 225, 233, 189, 2, 4.19%, 0, 0, 6, 150.74, 41245, 1323
574, 0, 214, 239, 194, 1, 4.19%, 0, 0, 6, 166.03, 42109, 1323
579, 0, 214, 249, 204, 1, 4.34%, 0, 0, 6, 157.52, 42892, 1372
584, 0, 214, 255, 210, 1, 4.34%, 0, 0, 6, 148.96, 43653, 1372
589, 0, 162, 255, 208, 0, 4.34%, 0, 0, 6, 159.86, 44424, 1372
594, 0, 50, 257, 209, 0, 4.34%, 0, 0, 6, 165.25, 45415, 1372
599, 0, 107, 265, 217, 0, 4.34%, 0, 0, 6, 173.01, 46373, 1372
605, 0, 107, 267, 219, 0, 4.44%, 0, 0, 6, 168.07, 47246, 1403
610, 0, 266, 267, 218, 1, 4.44%, 0, 0, 6, 139.43, 47961, 1403
615, 0, 107, 270, 220, 0, 4.44%, 0, 0, 6, 235.80, 49128, 1403
620, 0, 270, 271, 221, 1, 4.47%, 0, 0, 6, 154.36, 49901, 1412
625, 0, 272, 273, 222, 2, 4.48%, 0, 0, 6, 199.52, 50979, 1416
630, 0, 267, 273, 221, 1, 4.48%, 0, 0, 6, 152.11, 51716, 1416
635, 0, 162, 274, 221, 0, 4.48%, 0, 0, 6, 252.67, 53090, 1416
640, 0, 110, 279, 226, 0, 4.48%, 0, 0, 6, 256.01, 54334, 1416
646, 0, 107, 281, 227, 0, 4.48%, 0, 0, 6, 174.69, 55193, 1416
651, 0, 235, 282, 228, 0, 4.48%, 0, 0, 6, 142.34, 55952, 1416
656, 0, 235, 285, 231, 0, 4.48%, 0, 0, 6, 147.25, 56698, 1416
661, 0, 235, 286, 232, 0, 4.48%, 0, 0, 6, 155.44, 57514, 1416
666, 0, 235, 286, 232, 0, 4.48%, 0, 0, 6, 155.34, 58321, 1416
671, 0, 235, 287, 233, 0, 4.48%, 0, 0, 6, 150.81, 59065, 1416
676, 0, 235, 289, 235, 0, 4.49%, 0, 0, 6, 152.68, 59854, 1420
681, 0, 235, 290, 236, 0, 4.49%, 0, 0, 6, 154.56, 60655, 1420
686, 0, 235, 292, 238, 0, 4.52%, 0, 0, 6, 155.50, 61420, 1428
691, 0, 235, 292, 238, 0, 4.52%, 0, 0, 6, 153.51, 62191, 1428
697, 0, 235, 293, 239, 0, 4.52%, 0, 0, 6, 150.85, 62947, 1428
702, 0, 235, 296, 242, 0, 4.55%, 0, 0, 6, 148.40, 63714, 1436
707, 0, 235, 296, 242, 0, 4.55%, 0, 0, 6, 154.53, 64522, 1436
712, 0, 235, 298, 244, 0, 4.60%, 0, 0, 6, 153.02, 65293, 1452
717, 0, 235, 300, 246, 0, 4.63%, 0, 0, 6, 153.26, 66067, 1464
722, 0, 235, 302, 248, 0, 4.63%, 0, 0, 6, 149.65, 66820, 1464
727, 0, 235, 303, 249, 0, 4.63%, 0, 0, 6, 150.75, 67597, 1464
732, 0, 235, 303, 249, 0, 4.63%, 0, 0, 6, 160.22, 68401, 1464
737, 0, 299, 303, 248, 4, 4.63%, 0, 0, 6, 162.38, 69198, 1464
742, 0, 297, 303, 247, 3, 4.63%, 0, 0, 6, 123.86, 69793, 1464
748, 0, 293, 306, 249, 3, 4.65%, 0, 0, 6, 163.55, 70743, 1468
753, 0, 293, 306, 249, 3, 4.65%, 0, 0, 6, 165.12, 71502, 1468
758, 0, 290, 306, 248, 2, 4.65%, 0, 0, 6, 171.79, 72323, 1468
763, 0, 303, 309, 250, 1, 4.65%, 0, 0, 6, 150.38, 73099, 1468
768, 0, 162, 310, 250, 0, 4.65%, 0, 0, 6, 258.45, 74465, 1468
773, 0, 310, 311, 251, 1, 4.71%, 0, 0, 6, 177.01, 75399, 1489
778, 0, 162, 313, 252, 0, 4.71%, 0, 0, 6, 218.89, 76441, 1489
783, 0, 297, 319, 258, 0, 4.71%, 0, 0, 6, 217.62, 77632, 1489
789, 0, 297, 323, 262, 0, 4.71%, 0, 0, 6, 216.23, 78708, 1489
794, 0, 107, 325, 264, 0, 4.71%, 0, 0, 6, 293.21, 80171, 1489
799, 0, 299, 326, 265, 0, 4.71%, 0, 0, 6, 221.17, 81300, 1489
804, 0, 328, 329, 267, 1, 4.71%, 0, 0, 6, 163.77, 82173, 1489
809, 0, 329, 331, 268, 1, 4.76%, 0, 0, 6, 151.94, 82913, 1505
814, 0, 332, 333, 269, 1, 4.76%, 0, 0, 6, 148.39, 83630, 1505
819, 0, 297, 334, 269, 0, 4.76%, 0, 0, 6, 215.40, 84728, 1505
824, 0, 162, 334, 269, 0, 4.76%, 0, 0, 6, 248.25, 85987, 1505
829, 0, 334, 335, 270, 1, 4.92%, 0, 0, 6, 178.00, 86929, 1553
834, 0, 337, 338, 272, 1, 4.94%, 0, 0, 6, 145.96, 87681, 1561
839, 0, 162, 339, 272, 0, 4.94%, 0, 0, 6, 239.93, 88956, 1561
844, 0, 293, 343, 276, 0, 4.94%, 0, 0, 6, 179.86, 89810, 1561
849, 0, 293, 343, 276, 0, 4.94%, 0, 0, 6, 153.88, 90566, 1561
854, 0, 162, 343, 276, 0, 4.94%, 0, 0, 6, 210.52, 91584, 1561
859, 0, 315, 343, 276, 0, 4.94%, 0, 0, 6, 212.61, 92791, 1561
864, 0, 297, 343, 275, 0, 4.94%, 0, 0, 6, 205.80, 93719, 1561
869, 0, 345, 346, 278, 2, 5.12%, 0, 0, 6, 169.31, 94645, 1619
875, 0, 343, 347, 278, 1, 5.12%, 0, 0, 6, 127.39, 95255, 1619
880, 0, 343, 353, 284, 1, 5.24%, 0, 0, 6, 145.67, 96017, 1657
885, 0, 343, 354, 285, 1, 5.37%, 0, 0, 6, 149.13, 96793, 1695
890, 0, 343, 357, 288, 1, 5.38%, 0, 0, 6, 149.21, 97570, 1699
895, 0, 343, 357, 288, 1, 5.38%, 0, 0, 6, 157.09, 98356, 1699
900, 0, 343, 358, 289, 1, 5.38%, 0, 0, 6, 148.03, 99087, 1699
905, 0, 343, 359, 290, 1, 5.38%, 0, 0, 6, 148.50, 99837, 1699
910, 0, 343, 360, 291, 1, 5.38%, 0, 0, 6, 151.97, 100621, 1699
916, 0, 343, 360, 291, 1, 5.38%, 0, 0, 6, 150.70, 101395, 1699
921, 0, 343, 360, 291, 1, 5.38%, 0, 0, 6, 153.99, 102172, 1699
926, 0, 343, 360, 291, 1, 5.38%, 0, 0, 6, 153.36, 102937, 1699
931, 0, 343, 360, 291, 1, 5.38%, 0, 0, 6, 157.82, 103741, 1699
936, 0, 343, 362, 293, 1, 5.50%, 0, 0, 6, 155.86, 104524, 1736
941, 0, 343, 363, 294, 1, 5.50%, 0, 0, 6, 147.72, 105275, 1736
946, 0, 343, 363, 294, 1, 5.50%, 0, 0, 6, 148.49, 106037, 1736
951, 0, 343, 363, 294, 1, 5.50%, 0, 0, 6, 148.50, 106775, 1736
956, 0, 343, 363, 294, 1, 5.50%, 0, 0, 6, 149.85, 107551, 1736
961, 0, 343, 363, 294, 1, 5.50%, 0, 0, 6, 167.11, 108390, 1736
967, 0, 352, 363, 292, 7, 5.50%, 0, 0, 6, 135.70, 109097, 1736
972, 0, 352, 363, 292, 7, 5.50%, 0, 0, 6, 165.13, 109872, 1736
977, 0, 348, 364, 292, 7, 5.52%, 0, 0, 7, 126.69, 110525, 1744
982, 0, 347, 365, 292, 7, 5.53%, 0, 0, 7, 148.89, 111395, 1748
987, 0, 353, 365, 291, 6, 5.53%, 0, 0, 7, 171.05, 112284, 1748
992, 0, 353, 368, 294, 6, 5.66%, 0, 0, 7, 138.52, 112930, 1789
997, 0, 353, 370, 296, 6, 5.86%, 0, 0, 7, 147.95, 113695, 1852
1003, 0, 353, 373, 299, 6, 6.03%, 0, 0, 7, 149.02, 114475, 1904
1008, 0, 353, 373, 299, 6, 6.03%, 0, 0, 7, 149.52, 115239, 1904
1013, 0, 353, 373, 299, 6, 6.03%, 0, 0, 7, 148.78, 116009, 1904
1018, 0, 353, 373, 299, 6, 6.03%, 0, 0, 7, 148.23, 116753, 1904
1023, 0, 353, 373, 299, 6, 6.03%, 0, 0, 7, 149.97, 117523, 1904
1028, 0, 353, 373, 299, 6, 6.03%, 0, 0, 7, 146.54, 118289, 1904
1033, 0, 353, 373, 299, 6, 6.03%, 0, 0, 7, 135.76, 119005, 1904
1039, 0, 353, 374, 300, 6, 6.03%, 0, 0, 7, 138.93, 119723, 1904
1044, 0, 353, 376, 302, 6, 6.03%, 0, 0, 7, 146.46, 120479, 1904
1049, 0, 353, 376, 302, 6, 6.03%, 0, 0, 7, 146.26, 121231, 1904
1054, 0, 353, 377, 303, 6, 6.06%, 0, 0, 7, 137.96, 121913, 1913
1059, 0, 353, 379, 305, 6, 6.06%, 0, 0, 7, 143.74, 122663, 1913
1064, 0, 353, 380, 306, 6, 6.15%, 0, 0, 7, 137.18, 123337, 1942
1069, 0, 353, 380, 306, 6, 6.15%, 0, 0, 7, 132.61, 124029, 1942
1075, 0, 353, 380, 306, 6, 6.15%, 0, 0, 7, 137.29, 124745, 1942
1080, 0, 353, 380, 306, 6, 6.15%, 0, 0, 7, 149.23, 125515, 1942
1085, 0, 369, 381, 306, 12, 6.15%, 0, 0, 7, 146.90, 126345, 1942
1090, 0, 379, 381, 305, 11, 6.15%, 0, 0, 7, 120.52, 126922, 1942
1095, 0, 379, 391, 315, 11, 6.33%, 0, 0, 8, 249.01, 128238, 2000
1100, 0, 379, 395, 319, 11, 6.33%, 0, 0, 8, 273.10, 129698, 2000
1105, 0, 379, 397, 321, 11, 6.33%, 0, 0, 8, 315.16, 131320, 2000
1110, 0, 379, 397, 321, 11, 6.33%, 0, 0, 8, 327.13, 132970, 2000
1115, 0, 379, 397, 321, 11, 6.33%, 0, 0, 8, 308.74, 134476, 2000
1120, 0, 379, 399, 323, 11, 6.34%, 0, 0, 8, 308.00, 136078, 2004
1125, 0, 379, 402, 326, 11, 6.34%, 0, 0, 8, 311.83, 137650, 2004
1130, 0, 379, 402, 326, 11, 6.34%, 0, 0, 8, 320.22, 139276, 2004
1136, 0, 390, 403, 326, 16, 6.34%, 0, 0, 8, 238.95, 140566, 2004
1141, 0, 371, 403, 325, 15, 6.34%, 0, 0, 8, 144.19, 141172, 2004
1146, 0, 403, 406, 327, 15, 6.37%, 0, 0, 8, 167.35, 142054, 2012
1151, 0, 376, 406, 326, 14, 6.37%, 0, 0, 8, 126.16, 142655, 2012
1156, 0, 376, 408, 328, 14, 6.47%, 0, 0, 8, 155.56, 143451, 2044
1161, 0, 405, 408, 327, 15, 6.47%, 0, 0, 8, 158.38, 144314, 2044
1166, 0, 405, 409, 328, 15, 6.47%, 0, 0, 9, 197.43, 145270, 2044
1171, 0, 367, 409, 327, 14, 6.47%, 0, 0, 9, 154.56, 146002, 2044
1176, 0, 367, 411, 329, 14, 6.47%, 0, 0, 9, 182.18, 146908, 2044
1181, 0, 366, 411, 328, 13, 6.47%, 0, 0, 9, 138.73, 147611, 2044
1208, 0, 366, 411, 328, 13, 6.47%, 0, 0, 9, 0.08, 147677, 2044
1213, 0, 360, 411, 327, 12, 6.47%, 0, 0, 9, 146.14, 148482, 2044
1219, 0, 360, 413, 329, 12, 6.54%, 0, 0, 9, 142.68, 149188, 2065
1224, 0, 360, 417, 333, 12, 6.61%, 0, 0, 9, 145.07, 149922, 2089
1229, 0, 360, 419, 335, 12, 6.68%, 0, 0, 9, 148.44, 150662, 2111
1234, 0, 360, 419, 335, 12, 6.68%, 0, 0, 9, 145.26, 151420, 2111
1239, 0, 360, 419, 335, 12, 6.68%, 0, 0, 9, 146.38, 152178, 2111
1244, 0, 360, 421, 337, 12, 6.68%, 0, 0, 9, 151.80, 152943, 2111
1249, 0, 360, 421, 337, 12, 6.68%, 0, 0, 9, 150.10, 153702, 2111
1254, 0, 360, 423, 339, 12, 6.68%, 0, 0, 9, 153.92, 154485, 2111
1259, 0, 360, 423, 339, 12, 6.68%, 0, 0, 9, 153.69, 155259, 2111
1264, 0, 360, 423, 339, 12, 6.68%, 0, 0, 9, 155.16, 156042, 2111
1269, 0, 360, 423, 339, 12, 6.68%, 0, 0, 9, 150.10, 156801, 2111
1274, 0, 360, 423, 339, 12, 6.68%, 0, 0, 9, 146.93, 157544, 2111
1280, 0, 360, 424, 340, 12, 6.68%, 0, 0, 9, 151.02, 158316, 2111
1285, 0, 360, 424, 340, 12, 6.68%, 0, 0, 9, 152.14, 159087, 2111
1290, 0, 360, 424, 340, 12, 6.68%, 0, 0, 9, 147.37, 159828, 2111
1295, 0, 360, 424, 340, 12, 6.68%, 0, 0, 9, 151.43, 160623, 2111
1300, 0, 360, 425, 341, 12, 6.75%, 0, 0, 9, 149.84, 161391, 2131
1305, 0, 418, 428, 343, 18, 6.76%, 0, 0, 9, 164.75, 162270, 2136
1310, 0, 265, 434, 348, 17, 6.90%, 0, 0, 9, 148.69, 162968, 2179
1315, 0, 265, 441, 355, 17, 6.97%, 0, 0, 9, 150.61, 163722, 2202
1320, 0, 265, 443, 357, 17, 7.11%, 0, 0, 9, 147.07, 164472, 2245
1325, 0, 406, 443, 356, 24, 7.11%, 0, 0, 9, 126.52, 165118, 2245
1331, 0, 406, 444, 357, 24, 7.11%, 0, 0, 9, 176.54, 165989, 2245
1336, 0, 436, 446, 358, 24, 7.12%, 0, 0, 9, 154.20, 166820, 2248
1341, 0, 433, 446, 357, 23, 7.12%, 0, 0, 9, 138.85, 167537, 2248
1346, 0, 435, 446, 356, 22, 7.12%, 0, 0, 9, 133.38, 168237, 2248
1351, 0, 440, 449, 358, 21, 7.12%, 0, 0, 9, 139.39, 168969, 2248
1356, 0, 429, 449, 357, 20, 7.12%, 0, 0, 9, 144.81, 169705, 2248
1362, 0, 442, 449, 356, 19, 7.12%, 0, 0, 9, 141.30, 170416, 2248
1367, 0, 449, 450, 356, 19, 7.12%, 0, 0, 9, 156.96, 171157, 2248
1372, 0, 407, 450, 355, 18, 7.12%, 0, 0, 9, 124.69, 171763, 2248
1377, 0, 407, 450, 355, 18, 7.12%, 0, 0, 9, 178.48, 172663, 2248
1382, 0, 425, 451, 355, 18, 7.27%, 0, 0, 9, 138.80, 173359, 2296
1387, 0, 427, 451, 354, 17, 7.27%, 0, 0, 9, 146.39, 174177, 2296
1392, 0, 412, 451, 353, 16, 7.27%, 0, 0, 9, 168.43, 175031, 2296
1397, 0, 412, 451, 353, 16, 7.27%, 0, 0, 9, 175.02, 175830, 2296
1402, 0, 426, 451, 352, 15, 7.27%, 0, 0, 9, 160.24, 176606, 2296
1408, 0, 452, 453, 353, 16, 7.30%, 0, 0, 9, 149.32, 177462, 2305
1413, 0, 450, 453, 352, 15, 7.30%, 0, 0, 9, 142.53, 178120, 2305
1418, 0, 414, 455, 353, 16, 7.35%, 0, 0, 10, 164.72, 179010, 2323
1423, 0, 414, 455, 353, 16, 7.35%, 0, 0, 10, 174.14, 179832, 2323
1428, 0, 454, 455, 351, 14, 7.35%, 0, 0, 10, 131.18, 180474, 2323
1433, 0, 444, 456, 351, 13, 7.35%, 0, 0, 11, 218.74, 181641, 2323
1438, 0, 444, 457, 352, 13, 7.37%, 0, 0, 11, 149.06, 182283, 2327
1443, 0, 444, 457, 352, 13, 7.37%, 0, 0, 11, 185.45, 183196, 2327
1448, 0, 441, 457, 350, 12, 7.37%, 0, 0, 11, 134.13, 183821, 2327
1453, 0, 424, 460, 352, 13, 7.41%, 0, 0, 11, 145.51, 184601, 2341
1459, 0, 424, 463, 355, 13, 7.51%, 0, 0, 11, 158.87, 185382, 2373
1464, 0, 424, 464, 356, 13, 7.51%, 0, 0, 11, 166.70, 186261, 2373
1469, 0, 424, 465, 357, 13, 7.51%, 0, 0, 11, 175.01, 187179, 2373
1474, 0, 424, 465, 357, 13, 7.51%, 0, 0, 11, 172.19, 188052, 2373
1479, 0, 424, 466, 358, 13, 7.65%, 0, 0, 11, 179.91, 188964, 2418
1495, 0, 424, 466, 358, 13, 7.65%, 0, 0, 11, 0.23, 189468, 2418
1500, 0, 424, 466, 358, 13, 7.65%, 0, 0, 11, 181.63, 190371, 2418
1505, 0, 424, 468, 360, 13, 7.76%, 0, 0, 11, 168.15, 191223, 2452
1510, 0, 424, 468, 360, 13, 7.76%, 0, 0, 11, 174.20, 192138, 2452
1515, 0, 424, 468, 360, 13, 7.76%, 0, 0, 11, 182.43, 193089, 2452
1520, 0, 424, 469, 361, 13, 7.76%, 0, 0, 11, 179.22, 193992, 2452
1526, 0, 424, 470, 362, 13, 7.76%, 0, 0, 11, 179.98, 194910, 2452
1531, 0, 424, 471, 363, 13, 7.76%, 0, 0, 11, 176.59, 195810, 2452
1536, 0, 424, 471, 363, 13, 7.76%, 0, 0, 11, 179.17, 196707, 2452
1541, 0, 424, 471, 363, 13, 7.76%, 0, 0, 11, 179.94, 197601, 2452
1546, 0, 462, 471, 362, 16, 7.76%, 0, 0, 11, 159.53, 198458, 2452
1551, 0, 467, 472, 362, 15, 7.82%, 0, 0, 11, 132.04, 199104, 2472
1556, 0, 467, 474, 364, 15, 7.88%, 0, 0, 11, 268.53, 200641, 2488
1561, 0, 467, 474, 364, 15, 7.88%, 0, 0, 11, 262.61, 202029, 2488
1566, 0, 461, 474, 363, 17, 7.88%, 0, 0, 11, 178.32, 202740, 2488
1571, 0, 383, 474, 362, 16, 7.88%, 0, 0, 11, 163.17, 203655, 2488
1576, 0, 383, 477, 365, 16, 7.95%, 0, 0, 11, 162.29, 204450, 2510
1581, 0, 383, 480, 368, 16, 7.99%, 0, 0, 11, 167.77, 205328, 2525
1586, 0, 383, 482, 370, 16, 7.99%, 0, 0, 11, 181.76, 206303, 2525
1592, 0, 383, 482, 370, 16, 7.99%, 0, 0, 11, 179.12, 207206, 2525
1597, 0, 383, 483, 371, 16, 7.99%, 0, 0, 11, 174.24, 208118, 2525
1602, 0, 383, 484, 372, 16, 7.99%, 0, 0, 11, 168.81, 208985, 2525
1607, 0, 383, 484, 372, 16, 7.99%, 0, 0, 11, 181.30, 209915, 2525
1612, 0, 383, 484, 372, 16, 7.99%, 0, 0, 11, 178.96, 210842, 2525
1617, 0, 383, 485, 373, 16, 7.99%, 0, 0, 11, 182.88, 211766, 2525
1622, 0, 383, 485, 373, 16, 7.99%, 0, 0, 11, 176.56, 212657, 2525
1627, 0, 383, 486, 374, 16, 7.99%, 0, 0, 11, 179.06, 213560, 2525
1632, 0, 474, 488, 375, 18, 7.99%, 0, 0, 11, 159.90, 214391, 2525
1637, 0, 465, 488, 374, 17, 7.99%, 0, 0, 11, 124.56, 214994, 2525
1643, 0, 465, 492, 378, 17, 8.14%, 0, 0, 11, 243.12, 216276, 2573
1648, 0, 465, 493, 379, 17, 8.14%, 0, 0, 11, 291.34, 217806, 2573
1653, 0, 465, 494, 380, 17, 8.16%, 0, 0, 11, 295.26, 219298, 2578
1658, 0, 465, 494, 380, 17, 8.16%, 0, 0, 11, 304.64, 220850, 2578
1663, 0, 465, 494, 380, 17, 8.16%, 0, 0, 11, 314.04, 222428, 2578
1668, 0, 465, 494, 380, 17, 8.16%, 0, 0, 11, 316.12, 224030, 2578
1673, 0, 478, 494, 379, 21, 8.16%, 0, 0, 11, 269.86, 225418, 2578
1678, 0, 478, 494, 379, 21, 8.16%, 0, 0, 11, 188.25, 226178, 2578
1683, 0, 475, 497, 381, 20, 8.16%, 0, 0, 11, 157.73, 227038, 2578
1688, 0, 475, 497, 381, 20, 8.16%, 0, 0, 11, 193.56, 227992, 2578
1693, 0, 458, 498, 381, 19, 8.16%, 0, 0, 11, 164.94, 228775, 2578
1699, 0, 400, 498, 380, 18, 8.16%, 0, 0, 11, 137.23, 229513, 2578
1704, 0, 488, 498, 379, 17, 8.16%, 0, 0, 11, 169.30, 230487, 2578
1709, 0, 488, 498, 379, 17, 8.16%, 0, 0, 11, 148.10, 231162, 2578
1712, 0, 483, 498, 378, 16, 8.16%, 0, 0, 11, 161.90, 231748, 2578
